//Exported ASCII-File
[Header]
FileName = C:\Users\reoml\Desktop\Mestrado\mapa raman\novas medidas\Medidas Raman - Rafael\Medidas Raman - Rafael\GO em substrato metalico (0.1 e 0.05) - Rafael.WIP
ImageName = Scan_001_Spec.Data 1_F: Min & Max -> Maximum [1252.1 rel. 1/cm -> 1419.6 rel. 1/cm]
PointsPerLine = 61
LinesPerImage = 61
ScanUnit = µm
ScanWidth = 30
ScanHeight = 30
ScanOriginX = 18.9759998321533
ScanOriginY = 8.75
ScanOriginZ = 0
DataUnit = CCD cts
[Data]
 5.23779E+00	 4.75000E+00	 3.25912E+00	 2.17101E+00	 1.72597E+00	 3.75000E+00	 3.23902E+00	 3.00000E+00	 2.17698E+00	 1.50000E+00	 2.75000E+00	 3.21461E+00	 7.54176E+00	 6.35724E+00	 3.08607E+00	 4.59202E+00	 6.01534E+00	 3.30739E+00	 2.58611E+00	 2.75162E+00	 3.18953E+00	 2.59475E+00	 5.46540E+00	 2.90311E+00	 5.03647E+00	 4.44706E+00	 2.75497E+00	 4.41607E+00	 5.12920E+00	 4.20607E+00	 2.75000E+00	 4.12066E+00	 4.63754E+00	 3.72477E+00	 4.73757E+00	 4.40447E+00	 6.56083E+00	 1.23730E+01	 1.10885E+01	 6.88545E+00	 5.40644E+00	 6.59153E+00	 1.12417E+01	 1.28578E+01	 7.81127E+00	 1.09079E+01	 6.29333E+00	 2.21564E+01	 2.29536E+01	 1.61982E+01	 1.27428E+01	 8.56908E+00	 8.51100E+00	 6.52690E+00	 3.15501E+00	 1.91227E+00	 3.73565E+00	 1.92687E+00	 3.65826E+00	 1.67318E+00	 2.36339E+00
 4.42132E+00	 4.37906E+00	 2.44337E+00	 2.27868E+00	 3.41004E+00	 2.88742E+00	 3.26434E+00	 3.10027E+00	 4.83757E+00	 4.21050E+00	 2.65153E+00	 5.85482E+00	 1.17778E+01	 9.39110E+00	 5.12016E+00	 2.86124E+00	 6.11989E+00	 4.77713E+00	 3.69509E+00	 3.00401E+00	 3.66945E+00	 4.22735E+00	 7.56906E+00	 4.16695E+00	 2.36165E+00	 3.00000E+00	 4.00000E+00	 5.73705E+00	 3.75000E+00	 2.95696E+00	 5.37571E+00	 2.44115E+00	 3.50000E+00	 3.18169E+00	 3.20352E+00	 1.78012E+01	 1.10663E+01	 1.21248E+01	 1.90794E+01	 1.15345E+01	 6.97337E+00	 4.33799E+00	 4.76823E+00	 2.33941E+00	 4.07173E+00	 5.46337E+00	 6.47166E+00	 7.17992E+00	 8.58591E+00	 8.14564E+00	 5.89016E+00	 3.95331E+00	 9.93183E+00	 1.25473E+01	 4.33494E+00	 4.04305E+00	 3.05852E+00	 1.36834E+00	 2.50000E+00	 1.95460E+00	 3.37935E+00
 5.15351E+00	 3.48093E+00	 3.09085E+00	 2.75000E+00	 2.63233E+00	 5.07888E+00	 5.17448E+00	 3.80381E+00	 3.91428E+00	 3.44980E+00	 2.38742E+00	 4.44371E+00	 5.23705E+00	 3.01809E+00	 3.06372E+00	 3.40104E+00	 2.17248E+00	 3.08635E+00	 1.91227E+00	 2.25000E+00	 2.20608E+00	 5.14882E+00	 3.73322E+00	 3.05034E+00	 4.47814E+00	 3.05279E+00	 4.47129E+00	 4.42680E+00	 3.33895E+00	 4.26946E+00	 7.23396E+00	 6.36849E+00	 4.49233E+00	 2.95322E+00	 3.77344E+00	 1.00368E+01	 9.06640E+00	 6.77501E+00	 1.16727E+01	 1.40915E+01	 8.18157E+00	 3.67273E+00	 1.75000E+00	 4.76435E+00	 5.17975E+00	 7.84683E+00	 7.00836E+00	 8.11477E+00	 7.35436E+00	 1.91512E+01	 2.80765E+01	 1.19014E+01	 9.41345E+00	 1.79047E+01	 7.27403E+00	 3.65321E+00	 2.71705E+00	 2.42193E+00	 2.03950E+00	 3.25000E+00	 2.50000E+00
 5.72218E+00	 5.68322E+00	 6.66548E+00	 5.99285E+00	 2.84582E+00	 3.89556E+00	 2.00000E+00	 3.76678E+00	 3.33112E+00	 6.49867E+00	 5.69266E+00	 3.73565E+00	 3.09896E+00	 3.94437E+00	 4.28976E+00	 1.97849E+00	 1.39942E+00	 2.00000E+00	 2.20608E+00	 2.60058E+00	 2.78590E+00	 2.85396E+00	 2.53231E+00	 4.11661E+00	 3.04883E+00	 3.34174E+00	 2.25401E+00	 2.74268E+00	 2.20696E+00	 5.16504E+00	 6.79859E+00	 4.27483E+00	 3.89790E+00	 2.75000E+00	 4.19509E+00	 4.23093E+00	 2.92968E+00	 1.57916E+00	 8.62018E+00	 8.27219E+00	 6.61348E+00	 3.91004E+00	 3.50000E+00	 6.27563E+00	 5.35760E+00	 1.03404E+01	 4.81439E+00	 3.43417E+00	 3.61672E+00	 8.09386E+00	 9.33837E+00	 5.52864E+00	 7.91069E+00	 3.65531E+00	 2.78984E+00	 2.09896E+00	 2.76262E+00	 1.98206E+00	 2.60804E+00	 3.25000E+00	 2.44976E+00
 4.25000E+00	 5.59439E+00	 9.83623E+00	 8.52789E+00	 6.23741E+00	 3.03481E+00	 6.24103E+00	 6.74643E+00	 3.86259E+00	 5.09153E+00	 7.39427E+00	 4.69437E+00	 1.50162E+00	 1.43791E+00	 2.14920E+00	 2.20160E+00	 2.95051E+00	 6.24122E+00	 1.29990E+01	 8.46593E+00	 3.13248E+00	 1.59582E+00	 1.42101E+00	 2.69437E+00	 2.24772E+00	 1.98566E+00	 1.24283E+00	 1.90281E+00	 1.21410E+00	 2.45194E+00	 5.07559E+00	 3.26076E+00	 1.91004E+00	 1.75179E+00	 2.66032E+00	 3.75000E+00	 2.80116E+00	 3.32064E+00	 6.71634E+00	 7.49981E+00	 4.33616E+00	 2.89230E+00	 1.38501E+00	 5.55128E+00	 9.14860E+00	 1.01524E+01	 8.73946E+00	 3.97460E+00	 3.41607E+00	 4.03730E+00	 4.58896E+00	 6.18724E+00	 7.25953E+00	 7.61348E+00	 3.21968E+00	 2.66227E+00	 2.32008E+00	 1.66243E+00	 1.42698E+00	 2.06586E+00	 2.79022E+00
 7.52932E+00	 2.39921E+01	 3.73402E+01	 2.81518E+01	 9.44199E+00	 7.08809E+00	 7.39935E+00	 7.55129E+00	 7.51761E+00	 1.60778E+01	 2.10431E+01	 1.27064E+01	 5.11928E+00	 4.28876E+00	 5.38265E+00	 6.33263E+00	 9.08896E+00	 1.26055E+01	 1.51250E+01	 8.23823E+00	 3.28095E+00	 3.93539E+00	 3.20249E+00	 3.35746E+00	 2.63295E+00	 2.28855E+00	 2.19976E+00	 2.00000E+00	 2.04581E+00	 1.95691E+00	 1.75000E+00	 1.67820E+00	 2.52669E+00	 2.50000E+00	 1.98902E+00	 1.75000E+00	 3.50000E+00	 3.83034E+00	 4.24392E+00	 3.72477E+00	 4.89022E+00	 4.75840E+00	 6.10654E+00	 1.07343E+01	 7.25295E+00	 9.73139E+00	 3.42372E+00	 2.66153E+00	 3.00000E+00	 3.78812E+00	 5.54399E+00	 5.37016E+00	 5.53121E+00	 6.16926E+00	 8.02281E+00	 5.41768E+00	 2.18349E+00	 8.99526E-01	 9.41476E-01	 2.64382E+00	 4.58535E+00
 7.05827E+00	 1.03073E+01	 1.24853E+01	 1.15966E+01	 7.52789E+00	 9.42482E+00	 1.59225E+01	 2.07998E+01	 1.65210E+01	 1.25283E+01	 1.67853E+01	 2.10681E+01	 1.21266E+01	 7.93584E+00	 1.10707E+01	 1.12653E+01	 1.40381E+01	 1.31986E+01	 1.49468E+01	 1.16356E+01	 6.02459E+00	 2.22804E+00	 1.73536E+00	 1.92535E+00	 2.67827E+00	 3.25000E+00	 3.66957E+00	 3.69337E+00	 1.98566E+00	 3.31144E+00	 3.54645E+00	 7.28481E+00	 7.98213E+00	 3.33605E+00	 1.16957E+00	 5.93174E+00	 4.87972E+00	 1.00251E+01	 2.29080E+01	 2.73060E+01	 1.42728E+01	 7.75260E+00	 9.13464E+00	 9.32784E+00	 8.33072E+00	 5.83661E+00	 4.06760E+00	 3.77360E+00	 2.63491E+00	 6.54103E+00	 2.19572E+01	 2.78812E+01	 1.87451E+01	 8.09547E+00	 8.05727E+00	 5.11755E+00	 2.24544E+00	 2.90418E+00	 1.93539E+00	 2.91957E+00	 2.39604E+00
 9.88329E+00	 9.05642E+00	 4.91788E+00	 3.78532E+00	 7.21186E+00	 6.75979E+00	 1.64757E+01	 2.72981E+01	 2.06361E+01	 9.20640E+00	 1.11894E+01	 1.12490E+01	 7.68517E+00	 8.07883E+00	 6.17975E+00	 7.13916E+00	 9.80326E+00	 9.92977E+00	 6.93584E+00	 9.08896E+00	 7.70924E+00	 5.73014E+00	 1.86840E+00	 2.71235E+00	 3.05481E+00	 2.00000E+00	 2.58452E+00	 2.98565E+00	 2.71343E+00	 1.49268E+00	 2.86071E+00	 8.59800E+00	 1.50675E+01	 9.42680E+00	 3.85396E+00	 7.28618E+00	 8.82607E+00	 2.79384E+01	 7.80651E+01	 9.77443E+01	 5.55250E+01	 1.20953E+01	 5.98597E+00	 6.50101E+00	 5.64543E+00	 5.58996E+00	 3.74641E+00	 3.54514E+00	 4.32487E+00	 7.77864E+00	 2.34990E+01	 3.23672E+01	 1.92277E+01	 6.05692E+00	 6.75000E+00	 3.10961E+00	 2.46769E+00	 2.99439E+00	 5.32734E+00	 1.05859E+01	 6.39813E+00
 8.27750E+00	 2.79708E+00	 5.62972E+00	 3.44878E+00	 2.19148E+00	 4.36380E+00	 6.75944E+00	 6.38298E+00	 5.26678E+00	 7.24508E+00	 1.06180E+01	 1.14025E+01	 8.61163E+00	 6.93694E+00	 5.06908E+00	 4.91110E+00	 7.80796E+00	 1.51465E+01	 8.84074E+00	 7.04075E+00	 5.80727E+00	 4.87552E+00	 3.43724E+00	 2.64039E+00	 1.38310E+00	 1.95695E+00	 1.48924E+00	 3.25000E+00	 1.46341E+00	 1.22074E+00	 2.43967E+00	 3.91004E+00	 5.08492E+00	 6.49858E+00	 3.53072E+00	 8.56806E+00	 1.33384E+01	 1.96241E+01	 3.49284E+01	 4.21925E+01	 2.61381E+01	 9.23594E+00	 4.04018E+00	 5.90837E+00	 3.62429E+00	 3.25000E+00	 4.10210E+00	 2.50000E+00	 3.81326E+00	 6.66695E+00	 8.24857E+00	 5.78747E+00	 4.39064E+00	 6.43715E+00	 4.53158E+00	 1.55390E+00	 3.45747E+00	 2.75000E+00	 4.92237E+00	 5.75836E+00	 1.07536E+01
 2.66428E+00	 3.99900E+00	 6.57203E+00	 6.59281E+00	 4.04892E+00	 4.80034E+00	 3.97439E+00	 3.31031E+00	 5.69387E+00	 9.63039E+00	 1.35541E+01	 1.22490E+01	 1.26330E+01	 2.24568E+01	 1.85991E+01	 7.71503E+00	 8.00573E+00	 9.07035E+00	 4.82064E+00	 3.65321E+00	 4.22477E+00	 3.22460E+00	 3.00851E+00	 3.87744E+00	 2.96410E+00	 3.64331E+00	 3.90087E+00	 4.03383E+00	 5.48310E+00	 3.90835E+00	 2.48206E+00	 2.27868E+00	 6.31962E+00	 8.94357E+00	 6.57544E+00	 3.14822E+00	 3.48055E+00	 5.00000E+00	 7.58996E+00	 7.28976E+00	 3.03015E+00	 1.76809E+00	 2.22597E+00	 2.97131E+00	 2.76098E+00	 2.98924E+00	 1.83832E+00	 3.11499E+00	 5.05717E+00	 7.54708E+00	 1.53765E+01	 1.54050E+01	 2.72751E+01	 3.74016E+01	 1.19398E+01	 2.95609E+00	 2.33781E+00	 1.49268E+00	 1.95249E+00	 2.29536E+00	 5.57698E+00
 4.06372E+00	 5.15088E+00	 8.28720E+00	 4.51906E+00	 3.95697E+00	 3.00000E+00	 2.74858E+00	 3.93936E+00	 4.16687E+00	 4.65360E+00	 4.56651E+00	 4.49821E+00	 1.32089E+01	 2.37380E+01	 1.66536E+01	 8.58661E+00	 1.06607E+01	 1.15271E+01	 4.42687E+00	 4.77483E+00	 5.37693E+00	 4.58227E+00	 2.80379E+00	 4.19270E+00	 6.90546E+00	 4.23698E+00	 9.38570E+00	 9.91564E+00	 5.74151E+00	 4.96645E+00	 2.71769E+00	 3.14382E+00	 9.23565E+00	 9.22848E+00	 4.99460E+00	 3.58757E+00	 3.75000E+00	 3.79807E+00	 4.37354E+00	 5.03865E+00	 3.67704E+00	 6.98831E+00	 7.49801E+00	 4.05166E+00	 2.76243E+00	 3.81786E+00	 7.92220E+00	 1.75725E+01	 2.05685E+01	 9.59613E+00	 2.22136E+01	 4.38086E+01	 3.79687E+01	 2.72980E+01	 1.06572E+01	 1.98565E+00	 2.22488E+00	 1.69976E+00	 2.43417E+00	 3.87906E+00	 3.28730E+00
 4.05242E+00	 4.17741E+00	 5.00000E+00	 2.53067E+00	 2.63070E+00	 2.06110E+00	 5.75179E+00	 5.33941E+00	 4.47460E+00	 4.85746E+00	 3.82465E+00	 4.63835E+00	 4.64324E+00	 8.27512E+00	 2.13700E+01	 2.55463E+01	 6.98738E+00	 3.75000E+00	 5.01368E+00	 1.05352E+01	 1.15176E+01	 4.05307E+00	 6.21540E+00	 3.35900E+00	 7.41525E+00	 8.61097E+00	 5.63231E+00	 7.74222E+00	 1.43244E+01	 5.14751E+00	 3.79645E+00	 4.60558E+00	 5.06633E+00	 5.83140E+00	 6.55861E+00	 4.67992E+00	 5.50000E+00	 5.18573E+00	 1.16770E+01	 1.42414E+01	 2.97904E+01	 3.05084E+01	 1.81735E+01	 5.60762E+00	 3.84582E+00	 1.58262E+01	 3.58299E+01	 3.59270E+01	 1.68709E+01	 1.40749E+01	 6.44961E+01	 1.24689E+02	 8.37421E+01	 2.60128E+01	 5.98594E+00	 1.03307E+01	 2.43657E+01	 2.03393E+01	 3.65722E+00	 5.71028E+00	 7.28314E+00
 7.77789E+00	 3.38996E+00	 4.66369E+00	 5.80622E+00	 6.22337E+00	 5.39564E+00	 1.55228E+01	 2.89077E+01	 2.01105E+01	 4.12614E+00	 5.43824E+00	 4.43486E+00	 3.42698E+00	 2.86259E+00	 4.83312E+00	 4.03072E+00	 2.04508E+00	 2.00000E+00	 2.53532E+00	 4.53047E+00	 5.44662E+00	 4.14360E+00	 5.64490E+00	 8.09153E+00	 1.01734E+01	 9.38570E+00	 6.01823E+00	 5.15059E+00	 5.70640E+00	 4.44980E+00	 3.83373E+00	 6.39361E+00	 8.17948E+00	 1.18268E+01	 1.17442E+01	 8.86291E+00	 7.08852E+00	 9.08249E+00	 8.89318E+00	 2.13101E+01	 2.96532E+01	 1.60084E+01	 1.13957E+01	 3.69142E+00	 3.27859E+00	 1.01584E+01	 1.90644E+01	 8.47233E+00	 3.00000E+00	 5.36429E+00	 2.78319E+01	 5.36087E+01	 3.24233E+01	 4.83496E+00	 4.10444E+00	 1.95966E+01	 5.25953E+01	 3.67377E+01	 4.58616E+00	 3.59518E+00	 9.54736E+00
 5.08034E+00	 2.88295E+00	 3.86199E+00	 3.87196E+00	 3.19874E+00	 4.61849E+00	 8.58312E+00	 1.31078E+01	 9.66120E+00	 4.46413E+00	 4.77344E+00	 5.25000E+00	 4.81470E+00	 3.20738E+00	 2.25000E+00	 3.36840E+00	 3.07454E+00	 3.17680E+00	 4.33289E+00	 1.26721E+01	 8.15059E+00	 3.50000E+00	 3.17448E+00	 3.50000E+00	 6.83034E+00	 3.86960E+00	 4.44383E+00	 3.75000E+00	 3.59338E+00	 2.09847E+00	 4.35058E+00	 5.54305E+00	 6.02647E+00	 4.88043E+00	 1.03465E+01	 1.08600E+01	 1.51656E+01	 9.96362E+00	 1.17096E+01	 1.40885E+01	 1.37068E+01	 7.41625E+00	 3.65116E+00	 5.05241E+00	 2.65517E+00	 2.74821E+00	 3.62972E+00	 3.11480E+00	 1.42318E+00	 1.48565E+00	 3.22331E+00	 1.94371E+00	 1.88339E+00	 1.98206E+00	 1.44611E+00	 3.53072E+00	 6.99717E+00	 5.63681E+00	 5.09582E+00	 1.84669E+00	 5.28611E+00
 4.45607E+00	 3.10210E+00	 5.34784E+00	 2.93169E+00	 3.69980E+00	 5.83635E+00	 2.98779E+00	 3.90321E+00	 3.52750E+00	 6.25000E+00	 3.69976E+00	 4.01435E+00	 4.41428E+00	 2.42313E+00	 2.96343E+00	 2.39230E+00	 3.79688E+00	 5.99392E+00	 4.57317E+00	 1.24870E+01	 7.59691E+00	 4.50000E+00	 2.31574E+00	 2.97071E+00	 5.94142E+00	 5.47006E+00	 6.12041E+00	 7.39643E+00	 6.35331E+00	 5.36475E+00	 9.69163E+00	 7.06015E+00	 4.78855E+00	 4.63310E+00	 5.68573E+00	 7.54419E+00	 5.39721E+00	 6.43426E+00	 9.12429E+00	 1.12217E+01	 1.27056E+01	 4.31110E+00	 3.92768E+00	 3.74404E+00	 5.94294E+00	 5.71550E+00	 4.22847E+00	 2.50000E+00	 4.21414E+00	 2.81651E+00	 1.97071E+00	 1.76986E+00	 3.85970E+00	 2.41389E+00	 1.54207E+00	 1.89064E+00	 3.29840E+00	 6.62429E+00	 4.00000E+00	 1.97129E+00	 5.13550E+00
 4.16768E+00	 5.54018E+00	 2.07465E+00	 5.68508E+00	 7.20888E+00	 5.83231E+00	 2.94509E+00	 1.75000E+00	 2.27869E+00	 4.75000E+00	 2.50162E+00	 3.25993E+00	 2.69437E+00	 3.00000E+00	 1.58914E+00	 3.06760E+00	 2.55590E+00	 2.53067E+00	 2.89973E+00	 6.01718E+00	 5.25684E+00	 4.18410E+00	 3.36165E+00	 3.77512E+00	 4.41105E+00	 3.86429E+00	 1.04827E+01	 1.91480E+01	 2.37719E+01	 7.70206E+00	 4.91416E+00	 5.66525E+00	 3.46235E+00	 2.46235E+00	 1.92687E+00	 4.75000E+00	 2.48902E+00	 3.11259E+00	 3.62920E+00	 5.87468E+00	 4.89064E+00	 4.91905E+00	 2.89930E+00	 4.28752E+00	 4.27992E+00	 5.98594E+00	 4.84652E+00	 3.25000E+00	 1.37196E+00	 1.71413E+00	 2.59913E+00	 3.48566E+00	 4.50000E+00	 3.69144E+00	 4.25000E+00	 4.02647E+00	 3.85416E+00	 6.05492E+00	 3.66767E+00	 2.47848E+00	 2.44511E+00
 4.78078E+00	 8.13821E+00	 1.27056E+01	 6.69021E+00	 5.20628E+00	 5.21461E+00	 6.37940E+00	 3.00000E+00	 2.12252E+00	 2.92882E+00	 2.74283E+00	 4.59896E+00	 5.25000E+00	 2.75000E+00	 2.90517E+00	 2.93539E+00	 3.42680E+00	 2.30835E+00	 3.78129E+00	 3.25000E+00	 5.75000E+00	 9.09322E+00	 6.62912E+00	 7.20805E+00	 7.55242E+00	 2.64822E+00	 5.96629E+00	 7.60960E+00	 1.09732E+01	 1.02347E+01	 9.68803E+00	 7.16687E+00	 2.50000E+00	 2.54116E+00	 3.75000E+00	 4.01262E+00	 2.90317E+00	 3.50000E+00	 3.52151E+00	 3.74858E+00	 3.50625E+00	 1.23924E+00	 3.36298E+00	 2.71550E+00	 3.48738E+00	 6.90835E+00	 4.96235E+00	 3.69621E+00	 1.44519E+00	 1.94748E+00	 3.49643E+00	 2.50000E+00	 6.90710E+00	 6.05492E+00	 6.96692E+00	 5.75520E+00	 3.31144E+00	 5.49641E+00	 2.64604E+00	 4.33393E+00	 3.55737E+00
 1.99428E+01	 3.01821E+01	 1.47666E+01	 1.03616E+01	 2.57660E+01	 4.26928E+01	 1.01550E+01	 6.38110E+00	 3.16219E+00	 2.95322E+00	 7.05321E+00	 8.36960E+00	 1.71607E+01	 5.79298E+00	 4.09769E+00	 5.35058E+00	 5.09153E+00	 4.45793E+00	 5.35613E+00	 2.90281E+00	 5.54558E+00	 1.19873E+01	 1.36950E+01	 1.16518E+01	 6.98685E+00	 4.89942E+00	 5.89022E+00	 5.83043E+00	 9.58799E+00	 1.18876E+01	 8.79186E+00	 6.02611E+00	 3.32454E+00	 3.23536E+00	 3.91219E+00	 4.25000E+00	 2.65662E+00	 3.22805E+00	 2.81217E+00	 3.91788E+00	 2.38876E+00	 2.22132E+00	 3.44976E+00	 1.84874E+00	 1.19878E+00	 3.33914E+00	 7.13929E+00	 4.20696E+00	 1.41957E+00	 2.28072E+00	 2.48565E+00	 1.23924E+00	 4.76435E+00	 5.42144E+00	 8.16225E+00	 3.07487E+00	 2.73730E+00	 2.51823E+00	 3.60558E+00	 1.98565E+00	 4.36165E+00
 1.17411E+02	 7.62781E+01	 1.56679E+01	 9.73213E+00	 3.23388E+01	 5.55866E+01	 1.66247E+01	 5.19792E+00	 4.19662E+00	 3.83896E+00	 5.46787E+00	 5.48093E+00	 5.50000E+00	 3.90716E+00	 6.79402E+00	 9.20963E+00	 4.16227E+00	 5.67919E+00	 6.23127E+00	 5.17589E+00	 5.09290E+00	 1.14803E+01	 1.18144E+01	 6.65360E+00	 6.69954E+00	 5.38233E+00	 5.53648E+00	 6.65559E+00	 5.88298E+00	 5.26809E+00	 3.25000E+00	 3.96772E+00	 2.88310E+00	 1.93169E+00	 2.56110E+00	 2.58757E+00	 2.87192E+00	 2.75000E+00	 3.65826E+00	 2.09582E+00	 4.10521E+00	 3.22640E+00	 2.64023E+00	 1.81461E+00	 2.12072E+00	 4.87651E+00	 3.82552E+00	 3.59161E+00	 4.72411E+00	 3.69662E+00	 2.25000E+00	 2.22072E+00	 5.00000E+00	 3.73840E+00	 3.66216E+00	 7.00802E+00	 4.06033E+00	 3.06144E+00	 4.69681E+00	 5.19410E+00	 3.67291E+00
 5.32741E+01	 2.40472E+01	 9.78976E+00	 6.48565E+00	 1.13574E+01	 3.62252E+00	 3.00000E+00	 3.01464E+00	 4.82191E+00	 5.42809E+00	 6.99661E+00	 4.22411E+00	 3.11165E+00	 3.50000E+00	 5.92589E+00	 6.00000E+00	 2.31326E+00	 3.02540E+00	 4.22132E+00	 3.14022E+00	 8.62912E+00	 6.56659E+02	 7.95298E+01	 5.84896E+00	 6.72804E+00	 5.36348E+00	 7.98730E+00	 5.88742E+00	 7.71574E+00	 6.34778E+00	 6.45995E+00	 5.21692E+00	 2.63070E+00	 7.60204E+00	 4.95322E+00	 7.11890E+00	 3.51678E+00	 3.75000E+00	 3.46871E+00	 2.74268E+00	 8.73093E+00	 6.79920E+00	 4.05964E+00	 3.24821E+00	 3.43306E+00	 3.00675E+00	 9.47251E+00	 1.06175E+01	 3.57494E+00	 2.19294E+00	 3.56217E+00	 1.38295E+00	 3.48191E+00	 6.36475E+00	 7.52859E+00	 1.34369E+01	 9.24858E+00	 7.38473E+00	 6.10744E+00	 5.86890E+00	 3.12976E+00
 7.38875E+00	 7.88302E+00	 2.93530E+00	 2.75000E+00	 2.96769E+00	 2.67363E+00	 2.63473E+00	 3.12252E+00	 3.29438E+00	 4.71414E+00	 4.85080E+00	 2.73565E+00	 3.34847E+00	 2.67193E+00	 5.34216E+00	 3.94165E+00	 5.11527E+00	 3.06033E+00	 4.47460E+00	 5.82952E+00	 5.14149E+00	 8.52483E+00	 7.84784E+00	 9.59633E+00	 7.06717E+00	 4.37555E+00	 5.01982E+00	 4.91215E+00	 4.75000E+00	 4.92334E+00	 6.65473E+00	 8.63916E+00	 5.29920E+00	 9.31002E+00	 1.09353E+01	 4.02690E+00	 3.32913E+00	 1.92101E+00	 2.18530E+00	 1.42826E+00	 3.70793E+00	 4.91213E+00	 3.19878E+00	 4.56144E+00	 4.29304E+00	 5.19261E+00	 5.15447E+00	 7.21553E+00	 3.77152E+00	 3.16369E+00	 3.22136E+00	 3.21557E+00	 3.98698E+00	 3.92698E+00	 5.61097E+00	 6.14671E+00	 9.17273E+00	 7.23668E+00	 5.03812E+00	 3.73055E+00	 2.80279E+00
 3.05692E+00	 3.83607E+00	 6.17882E+00	 3.02209E+00	 3.51549E+00	 4.31717E+00	 6.49007E+00	 4.91369E+00	 3.43214E+00	 2.84778E+00	 3.05642E+00	 3.25325E+00	 2.90481E+00	 3.95617E+00	 6.33374E+00	 2.68221E+00	 3.34582E+00	 5.40497E+00	 1.03482E+01	 5.64840E+00	 7.41747E+00	 5.52464E+00	 6.97719E+00	 5.21787E+00	 5.64861E+00	 4.14023E+00	 2.73730E+00	 3.50000E+00	 4.07443E+00	 2.99283E+00	 4.00000E+00	 4.96492E+00	 3.41948E+00	 4.93147E+00	 3.67698E+00	 2.49007E+00	 3.80279E+00	 3.33214E+00	 2.25000E+00	 3.17698E+00	 2.37065E+00	 2.33543E+00	 2.75000E+00	 2.49283E+00	 1.92820E+00	 3.33043E+00	 3.40418E+00	 2.95607E+00	 4.17237E+00	 3.62928E+00	 3.71410E+00	 5.24717E+00	 7.24714E+00	 9.50912E+00	 9.32201E+00	 6.57058E+00	 6.96645E+00	 6.32607E+00	 5.41453E+00	 7.12379E+00	 6.50437E+00
 3.33635E+00	 3.66069E+00	 9.41123E+00	 6.47319E+00	 4.27487E+00	 5.10547E+00	 7.52300E+00	 8.09582E+00	 4.15246E+00	 4.12928E+00	 4.13608E+00	 4.26534E+00	 2.71227E+00	 3.78532E+00	 6.49103E+00	 4.33289E+00	 5.73589E+00	 2.44729E+01	 3.58962E+01	 1.66270E+01	 3.50273E+00	 9.40352E+00	 1.39537E+01	 8.69311E+00	 1.15706E+01	 4.74007E+00	 4.56217E+00	 3.54581E+00	 3.06651E+00	 3.07676E+00	 2.65153E+00	 3.33757E+00	 3.16381E+00	 2.17132E+00	 1.45609E+00	 3.26434E+00	 3.85481E+00	 2.66153E+00	 2.92681E+00	 5.16011E+00	 5.54708E+00	 1.87192E+00	 2.77583E+00	 2.20608E+00	 2.48170E+00	 7.31994E+00	 5.82058E+00	 2.15311E+00	 3.66221E+00	 1.91428E+00	 3.48840E+00	 6.84290E+00	 7.97166E+00	 8.59290E+00	 7.61972E+00	 1.45156E+01	 7.82852E+00	 8.44635E+00	 1.23273E+01	 1.52787E+01	 1.45166E+01
 7.33274E+00	 2.34030E+01	 2.70915E+01	 1.38356E+01	 6.72669E+00	 6.95823E+00	 5.86384E+00	 3.16548E+00	 3.91011E+00	 4.02735E+00	 5.83914E+00	 2.68715E+00	 3.16993E+00	 5.02864E+00	 3.44437E+00	 4.34719E+00	 4.75179E+00	 1.47371E+01	 2.93757E+01	 1.58350E+01	 5.56444E+00	 4.82552E+00	 7.37191E+00	 8.13934E+00	 7.79781E+00	 5.41138E+00	 7.72517E+00	 6.40104E+00	 4.42546E+00	 2.23924E+00	 3.08635E+00	 2.82730E+00	 3.38339E+00	 1.46341E+00	 1.32008E+00	 3.12429E+00	 1.03578E+01	 6.31597E+00	 3.90501E+00	 5.01251E+00	 7.65623E+00	 5.62429E+00	 4.50456E+00	 2.99283E+00	 4.75101E+00	 1.22063E+01	 1.41058E+01	 5.64730E+00	 1.23093E+00	 1.89023E+00	 2.06189E+00	 4.13501E+00	 3.55827E+00	 1.12860E+01	 1.28179E+01	 7.84769E+00	 3.95617E+00	 7.67213E+00	 1.41509E+01	 1.36744E+01	 9.53553E+00
 7.60956E+00	 1.28986E+01	 9.31628E+00	 3.86755E+00	 2.97558E+00	 4.36499E+00	 8.45038E+00	 6.37379E+00	 5.17674E+00	 8.50343E+00	 6.33036E+00	 2.62581E+00	 3.08496E+00	 2.97439E+00	 2.20696E+00	 2.45322E+00	 2.49007E+00	 7.74106E+00	 1.39151E+01	 1.02882E+01	 4.15360E+00	 3.19273E+00	 3.00912E+00	 2.75000E+00	 3.78586E+00	 7.05880E+00	 5.88794E+00	 3.10204E+00	 2.83543E+00	 5.81033E+00	 3.83968E+00	 3.50675E+00	 3.78060E+00	 2.71709E+00	 1.71709E+00	 2.98951E+00	 3.85503E+00	 4.00255E+00	 4.23053E+00	 4.30119E+00	 4.10764E+00	 3.29006E+00	 2.68214E+00	 3.42448E+00	 6.78383E+00	 9.09010E+00	 1.17187E+01	 8.25816E+00	 3.93031E+00	 3.62060E+00	 2.87781E+00	 7.73881E-02	 3.31798E+00	 3.41577E+01	 5.38142E+01	 1.91846E+01	 4.56717E+00	 3.34357E+00	 4.73645E+00	 9.45901E+00	 4.90623E+00
 4.20492E+00	 2.98206E+00	 3.30835E+00	 4.27869E+00	 3.96339E+00	 3.25000E+00	 3.62928E+00	 2.36159E+00	 4.95377E+00	 5.55492E+00	 5.56670E+00	 4.26906E+00	 2.19251E+00	 2.25000E+00	 2.36834E+00	 2.92132E+00	 2.50000E+00	 4.60762E+00	 5.27459E+00	 4.20492E+00	 2.96413E+00	 4.08608E+00	 2.93031E+00	 2.66381E+00	 2.68715E+00	 5.24821E+00	 5.00000E+00	 3.83558E+00	 4.83799E+00	 3.97640E+00	 4.50000E+00	 3.75000E+00	 3.77344E+00	 2.05563E+00	 2.16243E+00	 2.98730E+00	 3.00000E+00	 3.23012E+00	 3.70160E+00	 3.12515E+00	 3.05175E+00	 3.50000E+00	 1.50000E+00	 3.76243E+00	 2.84496E+00	 2.80241E+00	 5.71492E+00	 3.76243E+00	 2.09338E+00	 2.11840E+00	 2.99821E+00	 2.58941E+00	 2.06372E+00	 4.90984E+00	 8.51343E+00	 3.85883E+00	 2.37928E+00	 2.41381E+00	 3.15308E+00	 2.52928E+00	 3.28453E+00
 4.10804E+00	 4.24462E+00	 3.81534E+00	 3.65321E+00	 2.22803E+00	 1.69976E+00	 2.59201E+00	 2.83543E+00	 3.77407E+00	 6.05138E+00	 5.32290E+00	 3.92741E+00	 2.92193E+00	 1.73566E+00	 2.31372E+00	 1.71337E+00	 4.60770E+00	 6.50767E+00	 4.85613E+00	 2.46343E+00	 1.84153E+00	 1.77583E+00	 4.25000E+00	 2.50000E+00	 1.50000E+00	 1.87252E+00	 1.72848E+00	 3.39882E+00	 5.86348E+00	 6.85444E+00	 3.97640E+00	 3.91957E+00	 4.41957E+00	 1.82319E+00	 3.50000E+00	 2.25767E+00	 2.86259E+00	 2.72847E+00	 4.19920E+00	 3.35654E+00	 4.73779E+00	 7.46471E+00	 6.42085E+00	 3.16993E+00	 1.98206E+00	 1.55307E+00	 1.49268E+00	 2.66032E+00	 3.14519E+00	 2.25993E+00	 2.09201E+00	 2.48566E+00	 3.54540E+00	 2.48924E+00	 2.07899E+00	 2.93426E+00	 2.61853E+00	 3.89671E+00	 3.79564E+00	 3.50228E+00	 2.75000E+00
 2.61676E+00	 2.87310E+00	 2.50870E+00	 3.12842E+00	 2.47847E+00	 2.42827E+00	 2.42101E+00	 2.97656E+00	 3.00000E+00	 4.94748E+00	 4.23315E+00	 3.96787E+00	 2.28231E+00	 1.92334E+00	 1.70608E+00	 3.00456E+00	 6.57676E+00	 5.94980E+00	 5.37445E+00	 2.89427E+00	 2.25953E+00	 4.68677E+00	 3.37916E+00	 5.55749E+00	 4.37781E+00	 2.50000E+00	 1.95331E+00	 3.62748E+00	 5.23510E+00	 2.88298E+00	 3.47814E+00	 3.76591E+00	 5.37354E+00	 3.48730E+00	 2.07465E+00	 2.63661E+00	 3.20613E+00	 2.89023E+00	 3.75856E+00	 3.86564E+00	 5.12191E+00	 7.45135E+00	 4.11954E+00	 3.09111E+00	 2.50000E+00	 2.38310E+00	 2.46340E+00	 2.23594E+00	 3.00000E+00	 3.18282E+00	 3.53920E+00	 3.40890E+00	 8.06454E+00	 6.57171E+00	 3.37192E+00	 1.99268E+00	 2.22439E+00	 2.72439E+00	 2.60956E+00	 4.86672E+00	 5.03228E+00
 5.33996E+00	 6.00000E+00	 2.18214E+00	 2.55029E+00	 3.89196E+00	 4.39960E+00	 4.70035E+00	 4.70151E+00	 4.58256E+00	 3.88186E+00	 4.23316E+00	 5.60746E+00	 6.44294E+00	 3.94884E+00	 3.53426E+00	 2.66381E+00	 3.53765E+00	 3.13295E+00	 7.65835E+00	 1.36884E+01	 8.15501E+00	 3.12060E+00	 3.56033E+00	 5.38929E+00	 6.15835E+00	 3.86429E+00	 1.81326E+00	 3.31372E+00	 6.35669E+00	 6.23779E+00	 2.77868E+00	 3.03356E+00	 3.70608E+00	 4.11828E+00	 2.43417E+00	 2.25000E+00	 1.71343E+00	 2.85374E+00	 2.71769E+00	 3.37429E+00	 5.35204E+00	 6.25875E+00	 6.46191E+00	 4.60757E+00	 2.93414E+00	 3.00000E+00	 2.55563E+00	 2.22132E+00	 3.41381E+00	 4.68993E+00	 6.02407E+00	 4.25870E+00	 6.36633E+00	 8.99575E+00	 4.82868E+00	 2.66248E+00	 2.07487E+00	 2.45978E+00	 4.03072E+00	 3.40826E+00	 2.49283E+00
 5.42220E+00	 5.37147E+00	 2.50000E+00	 3.00000E+00	 5.22998E+00	 5.04643E+00	 1.09450E+01	 1.12737E+01	 4.77985E+00	 3.77750E+00	 4.91993E+00	 6.63473E+00	 2.00221E+01	 3.04022E+01	 9.53121E+00	 5.97071E+00	 4.85374E+00	 2.47804E+00	 3.40311E+00	 4.10481E+00	 3.25953E+00	 2.19971E+00	 4.00228E+00	 6.27583E+00	 9.35883E+00	 7.07637E+00	 3.65662E+00	 4.46110E+00	 7.88929E+00	 7.78812E+00	 6.73685E+00	 4.15880E+00	 4.44148E+00	 3.32730E+00	 3.07913E+00	 2.88742E+00	 2.00000E+00	 2.22488E+00	 5.62693E+00	 6.46854E+00	 5.76534E+00	 4.80175E+00	 5.25000E+00	 3.37614E+00	 5.11124E+00	 3.39016E+00	 3.18674E+00	 3.35618E+00	 2.31455E+00	 2.67070E+00	 3.10762E+00	 2.06323E+00	 2.33832E+00	 1.65126E+00	 3.77322E+00	 5.55642E+00	 4.71529E+00	 4.52735E+00	 6.50583E+00	 6.95992E+00	 4.60331E+00
 2.89882E+00	 3.50000E+00	 2.25000E+00	 3.55481E+00	 2.99233E+00	 3.50953E+00	 7.16072E+00	 1.41815E+01	 5.91120E+00	 4.43890E+00	 4.41392E+00	 5.08227E+00	 1.72053E+01	 2.74057E+01	 1.24450E+01	 6.88070E+00	 3.83619E+00	 3.13295E+00	 3.88295E+00	 3.98055E+00	 3.45609E+00	 5.50000E+00	 1.21088E+01	 2.47217E+01	 5.61087E+01	 5.61831E+01	 8.12146E+00	 5.65321E+00	 8.20562E+00	 1.22486E+01	 1.49299E+01	 4.03072E+00	 3.00162E+00	 3.39558E+00	 3.30241E+00	 3.19662E+00	 1.12559E+00	 4.06015E+00	 1.02727E+01	 1.21469E+01	 8.71130E+00	 7.18895E+00	 6.09652E+00	 3.53956E+00	 2.31209E+00	 2.08214E+00	 1.70695E+00	 2.50000E+00	 2.62935E+00	 1.62748E+00	 2.08616E+00	 4.37912E+00	 3.72131E+00	 2.96413E+00	 3.83968E+00	 4.06444E+00	 5.27270E+00	 2.88341E+00	 6.62939E+00	 9.36629E+00	 3.55970E+00
 2.47804E+00	 4.39016E+00	 3.77195E+00	 2.99233E+00	 5.27735E+00	 5.01741E+00	 5.36834E+00	 2.94509E+00	 4.11339E+00	 3.72849E+00	 5.47460E+00	 1.08436E+01	 2.71128E+01	 2.88305E+01	 9.41625E+00	 3.66004E+00	 3.27344E+00	 2.35961E+00	 2.94519E+00	 2.75912E+00	 2.73510E+00	 5.66788E+00	 1.34578E+01	 2.10572E+01	 1.68202E+01	 1.68865E+01	 8.04765E+00	 7.44954E+00	 1.02136E+01	 1.84156E+01	 2.04860E+01	 9.07637E+00	 6.51368E+00	 7.13754E+00	 3.67270E+00	 3.37429E+00	 2.93715E+00	 3.01802E+00	 7.09323E+00	 8.83968E+00	 5.21607E+00	 6.59174E+00	 4.56651E+00	 2.41215E+00	 3.86124E+00	 3.39022E+00	 2.08214E+00	 1.25000E+00	 2.89017E+00	 5.94362E+00	 4.25000E+00	 3.15418E+00	 2.25953E+00	 3.93677E+00	 3.41069E+00	 4.07497E+00	 3.99858E+00	 3.08227E+00	 3.00520E+00	 4.71527E+00	 3.25000E+00
 3.86165E+00	 6.99838E+00	 3.85027E+00	 2.70249E+00	 3.69681E+00	 7.29966E+00	 4.43426E+00	 3.12781E+00	 2.33619E+00	 2.46413E+00	 2.96849E+00	 3.81144E+00	 6.85481E+00	 7.04156E+00	 3.78450E+00	 4.83227E+00	 3.17820E+00	 1.70691E+00	 2.00000E+00	 1.47488E+00	 1.69971E+00	 3.04883E+00	 4.75000E+00	 7.54156E+00	 4.35080E+00	 7.72187E+00	 1.02625E+01	 2.52853E+01	 1.97536E+01	 2.07728E+01	 2.43185E+01	 2.06143E+01	 3.81409E+01	 1.73994E+01	 6.00000E+00	 2.47129E+00	 5.00912E+00	 5.17448E+00	 5.10778E+00	 5.46413E+00	 2.47848E+00	 2.25000E+00	 3.57006E+00	 4.08619E+00	 3.82411E+00	 3.43677E+00	 1.91607E+00	 2.21705E+00	 3.39701E+00	 5.58149E+00	 4.87614E+00	 3.44792E+00	 2.70696E+00	 2.50000E+00	 1.88245E+00	 2.42698E+00	 1.42248E+00	 2.94437E+00	 5.86636E+00	 3.42968E+00	 2.75000E+00
 6.49661E+00	 3.57913E+00	 3.08558E+00	 3.00000E+00	 3.60618E+00	 5.31121E+00	 2.59874E+00	 2.21341E+00	 3.48012E+00	 6.76868E-01	 2.93545E+00	 6.37532E+00	 7.71550E+00	 5.07238E+00	 6.62054E+00	 4.34338E+00	 4.24641E+00	 2.73705E+00	 2.49420E+00	 2.28129E+00	 1.93169E+00	 2.18169E+00	 4.45331E+00	 5.50904E+00	 2.88473E+00	 7.58496E+00	 2.25331E+01	 5.25166E+01	 2.06499E+01	 2.29313E+01	 1.41693E+01	 2.62291E+01	 7.82054E+01	 6.09313E+01	 1.07681E+01	 4.38821E+00	 3.38284E+00	 2.66945E+00	 3.86658E+00	 5.68214E+00	 3.37060E+00	 2.34896E+00	 2.25000E+00	 3.26906E+00	 1.75000E+00	 2.75000E+00	 2.89558E+00	 2.72131E+00	 3.32730E+00	 2.91365E+00	 1.90880E+00	 1.89757E+00	 1.92826E+00	 2.50000E+00	 2.67270E+00	 2.70419E+00	 4.41786E+00	 5.20695E+00	 4.09896E+00	 4.99007E+00	 5.73668E+00
 2.68628E+00	 2.77868E+00	 3.70160E+00	 2.60762E+00	 3.98206E+00	 2.32752E+00	 2.80995E+00	 3.11499E+00	 2.25000E+00	 3.17101E+00	 5.75228E+00	 2.56670E+00	 5.86124E+00	 1.00691E+01	 2.44877E+01	 8.04128E+00	 6.27322E+00	 2.43791E+00	 3.91168E+00	 4.29187E+00	 4.30241E+00	 2.55116E+00	 2.35232E+00	 4.29116E+00	 3.01368E+00	 7.09448E+00	 2.68647E+01	 3.96716E+01	 1.56451E+01	 1.25600E+01	 9.58390E+00	 1.23327E+01	 2.32277E+01	 1.99036E+01	 8.86062E+00	 1.29706E+01	 7.75086E+00	 3.69148E+00	 3.19759E+00	 3.59679E+00	 3.29391E+00	 2.59929E+00	 2.18545E+00	 2.23565E+00	 2.44261E+00	 1.75000E+00	 2.16688E+00	 1.75000E+00	 3.21905E+00	 2.96905E+00	 2.50000E+00	 1.99268E+00	 2.75000E+00	 2.22848E+00	 3.94304E+00	 3.00325E+00	 2.34633E+00	 2.59719E+00	 2.50000E+00	 2.27344E+00	 3.59153E+00
 3.50000E+00	 3.98536E+00	 6.10047E+00	 7.11890E+00	 4.03067E+00	 3.02669E+00	 2.03586E+00	 2.75456E+00	 7.55852E+00	 5.34239E+00	 7.60503E+00	 7.87781E+00	 6.25677E+00	 8.47760E+00	 3.28709E+01	 1.58466E+01	 6.68147E+00	 5.36380E+00	 1.54832E+01	 1.11550E+01	 6.67193E+00	 3.93062E+00	 2.05921E+00	 3.63151E+00	 6.39222E+00	 1.89777E+01	 1.78644E+01	 2.21893E+01	 1.80186E+01	 1.08768E+01	 3.08834E+01	 1.50030E+01	 7.88520E+00	 6.32032E+00	 4.36477E+00	 1.60879E+01	 8.62388E+00	 2.96190E+00	 5.00000E+00	 4.14222E+00	 2.09896E+00	 2.21050E+00	 3.66442E+00	 4.75953E+00	 4.32174E+00	 2.42687E+00	 2.27859E+00	 1.44511E+00	 2.32807E+00	 2.72805E+00	 2.44509E+00	 2.25000E+00	 1.99503E+00	 2.43539E+00	 3.23565E+00	 3.56831E+00	 3.12581E+00	 1.45978E+00	 3.09174E+00	 4.21024E+00	 2.72249E+00
 5.21492E+00	 4.96337E+00	 4.08619E+00	 5.07730E+00	 3.83635E+00	 2.17992E+00	 4.68890E+00	 5.25904E+00	 6.11429E+00	 1.16434E+01	 1.37235E+01	 1.03561E+01	 5.67882E+00	 4.31597E+00	 1.55492E+01	 7.87744E+00	 4.58034E+00	 7.00880E+00	 2.17773E+01	 2.02353E+01	 8.22006E+00	 1.44990E+01	 1.48675E+01	 4.83616E+00	 7.14721E+00	 2.66516E+01	 1.23480E+01	 1.75513E+01	 9.36429E+00	 1.53518E+01	 3.88741E+01	 2.52796E+01	 5.85374E+00	 3.98451E+00	 5.84475E+00	 8.63982E+00	 8.14360E+00	 3.95601E+00	 2.60369E+00	 1.75000E+00	 3.14022E+00	 2.97439E+00	 1.88520E+00	 1.87928E+00	 1.37419E+00	 2.75000E+00	 2.39790E+00	 2.08635E+00	 2.60770E+00	 1.50000E+00	 3.22805E+00	 4.63929E+00	 1.78765E+00	 2.75000E+00	 1.89768E+00	 2.16004E+00	 2.36824E+00	 4.40851E+00	 5.07494E+00	 6.43147E+00	 4.14064E+00
 5.01904E+00	 5.57494E+00	 3.75000E+00	 6.43677E+00	 5.21557E+00	 3.72249E+00	 5.99439E+00	 8.91788E+00	 3.86853E+01	 3.41968E+01	 1.80160E+01	 1.00524E+01	 7.96042E+00	 1.10649E+01	 1.47506E+01	 5.81217E+00	 5.46547E+00	 5.34016E+00	 3.56831E+00	 4.20312E+00	 5.77209E+00	 7.65224E+01	 9.44449E+01	 1.13354E+01	 5.62219E+00	 2.11135E+01	 1.38399E+01	 6.30208E+00	 9.30208E+00	 1.65922E+01	 4.63956E+01	 2.75629E+01	 7.60080E+00	 4.12972E+00	 4.94337E+00	 4.62147E+00	 3.99103E+00	 5.15614E+00	 4.15331E+00	 3.32666E+00	 1.75000E+00	 3.46339E+00	 6.13070E+00	 4.20051E+00	 4.55034E+00	 4.94115E+00	 7.95738E+00	 5.75000E+00	 3.30208E+00	 2.67820E+00	 3.61124E+00	 2.44878E+00	 3.10178E+00	 2.87571E+00	 3.15799E+00	 2.75000E+00	 1.69337E+00	 2.21905E+00	 5.00520E+00	 6.73014E+00	 9.59448E+00
 5.58095E+00	 4.50904E+00	 2.50000E+00	 3.54581E+00	 3.89023E+00	 6.79156E+00	 4.00609E+01	 4.08959E+01	 4.28833E+01	 6.24433E+01	 5.01299E+01	 1.75492E+01	 5.79303E+00	 1.27187E+01	 2.24801E+01	 1.08731E+01	 4.21607E+00	 9.56946E-01	 3.17820E+00	 1.99420E+00	 4.49643E+00	 1.27976E+01	 1.78668E+01	 5.26802E+00	 6.76262E+00	 1.59303E+01	 1.22775E+01	 5.13520E+00	 5.71607E+00	 1.12486E+01	 2.18548E+01	 8.91004E+00	 5.18417E+00	 4.48170E+00	 6.49462E+00	 7.09284E+00	 9.93977E+00	 7.01678E+00	 4.04399E+00	 3.50000E+00	 3.87935E+00	 2.95492E+00	 3.10984E+00	 2.19148E+00	 3.44148E+00	 5.12468E+00	 1.15501E+01	 1.27170E+01	 3.83611E+00	 3.62158E+00	 2.13473E+00	 2.78240E+00	 3.97803E+00	 3.40662E+00	 4.93288E+00	 4.06671E+00	 4.09357E+00	 2.75000E+00	 3.89757E+00	 1.00392E+01	 1.06103E+01
 3.92698E+00	 4.03765E+00	 4.48705E+00	 4.63147E+00	 2.09853E+00	 3.96849E+00	 1.70472E+01	 1.90632E+01	 1.16048E+01	 1.73249E+01	 1.80828E+01	 1.16572E+01	 9.04156E+00	 6.71524E+00	 6.99714E+00	 3.90447E+00	 3.59483E+00	 5.45492E+00	 7.11097E+00	 6.69647E+00	 9.96110E+00	 1.12793E+01	 6.57350E+00	 1.85456E+01	 5.51369E+01	 3.51805E+01	 7.17992E+00	 5.06258E+00	 3.50000E+00	 5.73175E+00	 1.25195E+01	 8.90559E+00	 4.37976E+00	 3.04022E+00	 5.29840E+00	 7.82730E+00	 7.88298E+00	 9.93099E+00	 1.87331E+01	 1.24408E+01	 6.25904E+00	 3.29304E+00	 2.91221E+00	 2.41221E+00	 1.73206E+00	 3.14238E+00	 9.15501E+00	 6.25944E+00	 4.82637E+00	 5.45884E+00	 3.46339E+00	 2.75000E+00	 2.90643E+00	 5.39331E+00	 5.58312E+00	 5.66143E+00	 4.06597E+00	 6.71769E+00	 7.47021E+00	 1.91513E+01	 1.59027E+01
 2.45695E+00	 3.18542E+00	 5.80739E+00	 3.49420E+00	 2.19519E+00	 1.50000E+00	 1.89331E+00	 4.94437E+00	 1.04679E+01	 4.36329E+01	 5.66447E+01	 1.84388E+01	 7.16069E+00	 3.19874E+00	 4.47131E+00	 4.94261E+00	 8.09443E+00	 5.56806E+00	 9.97506E+00	 1.22765E+01	 1.95825E+01	 2.49273E+01	 3.44837E+01	 4.29232E+01	 7.30975E+01	 4.86326E+01	 1.54805E+01	 2.89030E+00	 2.46410E+00	 5.69498E+00	 1.74195E+01	 7.93977E+00	 4.41105E+00	 2.36853E+00	 2.14064E+00	 5.67237E+00	 4.78158E+00	 1.67775E+01	 6.52821E+01	 4.85684E+01	 1.06619E+01	 5.25000E+00	 1.95613E+00	 1.62065E+00	 2.51907E+00	 3.50000E+00	 2.75000E+00	 2.91227E+00	 3.00000E+00	 3.29399E+00	 4.26076E+00	 3.11527E+00	 4.00000E+00	 6.29257E+00	 3.42984E+00	 4.75000E+00	 4.43214E+00	 1.98210E+01	 3.52745E+01	 2.35388E+01	 1.95681E+01
 3.58393E+00	 2.61071E+00	 2.84357E+00	 4.00677E+00	 5.08012E+00	 2.71787E+00	 2.83214E+00	 5.27344E+00	 8.97021E+00	 1.90084E+01	 3.09287E+01	 1.44958E+01	 5.53356E+00	 3.97803E+00	 2.15497E+00	 2.73594E+00	 4.68411E+00	 7.79156E+00	 4.83312E+00	 1.43100E+01	 4.62781E+01	 3.42938E+01	 3.19880E+01	 3.42750E+01	 8.05806E+01	 5.24150E+01	 1.28331E+01	 4.25000E+00	 2.75912E+00	 2.17882E+00	 3.46871E+00	 2.57350E+00	 2.83095E+00	 2.35770E+00	 1.74268E+00	 2.75000E+00	 2.75179E+00	 9.83535E+00	 5.04622E+01	 6.21768E+01	 1.84207E+01	 4.55279E+00	 4.47131E+00	 3.71110E+00	 4.13473E+00	 4.76945E+00	 3.24544E+00	 3.59853E+00	 3.13160E+00	 2.53095E+00	 3.46849E+00	 4.29892E+00	 4.28072E+00	 3.94511E+00	 4.57411E+00	 3.30590E+00	 7.85068E+00	 2.85723E+01	 4.77014E+01	 3.52750E+01	 2.21670E+01
 2.65497E+00	 3.63295E+00	 3.61960E+00	 3.33095E+00	 1.98536E+00	 2.25000E+00	 2.80252E+00	 2.14022E+00	 7.80345E+00	 1.27708E+01	 2.66312E+01	 2.55778E+01	 1.06205E+01	 3.15517E+00	 3.72131E+00	 3.68545E+00	 1.57552E+00	 2.07709E+00	 3.34448E+00	 3.29504E+00	 7.94371E+00	 4.70279E+00	 4.53356E+00	 6.93373E+00	 2.61105E+01	 2.05293E+01	 3.93530E+00	 2.75000E+00	 2.68283E+00	 3.67270E+00	 3.68174E+00	 3.64360E+00	 5.15246E+00	 7.85867E+00	 4.41494E+00	 2.69980E+00	 3.50000E+00	 2.91767E+00	 7.23451E+00	 1.34072E+01	 1.39444E+01	 5.31326E+00	 4.65984E+00	 3.50802E+00	 4.46461E+00	 3.43426E+00	 2.24144E+00	 2.53587E+00	 3.55381E+00	 3.09284E+00	 2.50489E+00	 5.73951E+00	 6.50649E+00	 6.14324E+00	 2.49503E+00	 5.65643E+00	 9.46786E+00	 1.15644E+01	 2.83413E+01	 3.59156E+01	 2.95593E+01
 3.25000E+00	 3.54187E+00	 1.65497E+00	 2.66993E+00	 2.94662E+00	 2.63151E+00	 2.14953E+00	 3.21607E+00	 7.59074E+00	 1.24016E+01	 1.19416E+01	 6.48396E+00	 3.45617E+00	 2.93411E+00	 2.45607E+00	 2.00000E+00	 2.25000E+00	 3.47656E+00	 1.01572E+01	 1.05671E+01	 3.85956E+00	 1.25000E+00	 1.72136E+00	 2.95607E+00	 3.21705E+00	 2.23322E+00	 2.97131E+00	 4.22072E+00	 2.66957E+00	 3.45747E+00	 3.24404E+00	 2.42583E+00	 4.39324E+00	 7.35284E+00	 6.69368E+00	 2.79504E+00	 2.32763E+00	 3.00000E+00	 4.66243E+00	 6.87651E+00	 9.78618E+00	 8.68031E+00	 5.98594E+00	 3.37288E+00	 4.72233E+00	 4.73346E+00	 2.99007E+00	 2.81326E+00	 5.07285E+00	 8.13880E+00	 5.98594E+00	 5.32730E+00	 4.57494E+00	 5.63625E+00	 2.38805E+00	 5.10762E+00	 9.30970E+00	 1.16351E+01	 4.63657E+01	 4.06891E+01	 2.53254E+01
 4.33543E+00	 3.77583E+00	 3.75000E+00	 2.96928E+00	 2.55029E+00	 2.60374E+00	 1.73924E+00	 2.72848E+00	 3.67687E+00	 6.93715E+00	 5.62429E+00	 6.04402E+00	 5.90497E+00	 2.84475E+00	 1.96574E+00	 2.67448E+00	 3.31033E+00	 5.10374E+00	 7.93674E+00	 5.67237E+00	 2.54187E+00	 2.10618E+00	 1.50000E+00	 2.35804E+00	 1.47803E+00	 2.97072E+00	 3.22072E+00	 2.87842E+00	 2.49772E+00	 2.10992E+00	 1.73206E+00	 1.68791E+00	 1.53590E+00	 2.97250E+00	 3.44976E+00	 2.64757E+00	 2.82411E+00	 2.44273E+00	 4.15418E+00	 9.02723E+00	 1.73108E+01	 1.39315E+01	 1.00914E+01	 8.91525E+00	 4.86284E+00	 3.09784E+00	 2.62842E+00	 2.42681E+00	 4.45331E+00	 1.02951E+01	 8.50000E+00	 3.35558E+00	 2.34161E+00	 3.00904E+00	 2.23924E+00	 2.95793E+00	 3.24821E+00	 1.24603E+01	 5.46126E+01	 5.41650E+01	 2.70851E+01
 4.30241E+00	 5.63742E+00	 3.94371E+00	 2.11661E+00	 3.00000E+00	 3.11165E+00	 1.73565E+00	 2.28657E+00	 2.75000E+00	 2.20793E+00	 4.31372E+00	 6.93791E+00	 5.05381E+00	 3.52152E+00	 3.00000E+00	 4.69498E+00	 9.49937E+00	 1.45409E+01	 1.01548E+01	 6.79643E+00	 4.29580E+00	 2.72847E+00	 2.20695E+00	 2.45608E+00	 2.15311E+00	 1.36834E+00	 1.97074E+00	 2.22849E+00	 2.02151E+00	 2.33619E+00	 2.50000E+00	 1.91971E+00	 1.98730E+00	 1.55389E+00	 3.47331E+00	 6.07623E+00	 5.58291E+00	 3.45831E+00	 2.99144E+00	 5.65153E+00	 1.62494E+01	 1.78693E+01	 1.01837E+01	 3.83996E+00	 2.68147E+00	 2.12760E+00	 3.12842E+00	 2.33558E+00	 2.26435E+00	 2.50000E+00	 2.54305E+00	 1.46705E+00	 2.00000E+00	 2.99096E+00	 2.82174E+00	 4.32684E+00	 4.62468E+00	 9.20781E+00	 4.20533E+01	 5.66094E+01	 2.65991E+01
 3.01140E+00	 5.09128E+00	 4.85349E+00	 3.09652E+00	 3.70160E+00	 2.85080E+00	 2.17809E+00	 2.41957E+00	 2.33543E+00	 2.49641E+00	 1.75000E+00	 3.18417E+00	 2.59483E+00	 1.58895E+00	 2.91216E+00	 4.83914E+00	 5.64558E+00	 1.48444E+01	 3.21165E+01	 2.57812E+01	 4.88302E+00	 1.75000E+00	 9.48784E-01	 3.93411E+00	 4.72969E+00	 3.69142E+00	 2.47640E+00	 2.19619E+00	 2.15281E+00	 3.25000E+00	 2.03095E+00	 1.97803E+00	 2.71414E+00	 1.50000E+00	 4.60266E+00	 1.85083E+01	 1.85674E+01	 6.23589E+00	 2.35762E+00	 4.98668E+00	 4.15559E+00	 4.65559E+00	 4.57676E+00	 4.41168E+00	 1.97804E+00	 2.97597E+00	 1.75000E+00	 2.28450E+00	 2.50000E+00	 3.29892E+00	 7.82058E+00	 7.25120E+00	 4.95116E+00	 5.31686E+00	 1.09735E+01	 1.16916E+01	 7.10407E+00	 6.86163E+00	 1.05945E+01	 1.43933E+01	 9.35080E+00
 7.37711E+00	 1.05505E+01	 7.71517E+00	 4.80034E+00	 2.51906E+00	 2.95160E+00	 3.12024E+00	 2.62581E+00	 2.35640E+00	 2.66905E+00	 2.49268E+00	 2.72071E+00	 2.17270E+00	 2.70460E+00	 3.37515E+00	 3.12429E+00	 2.35613E+00	 6.40984E+00	 1.12164E+01	 9.04103E+00	 4.91548E+00	 2.25000E+00	 3.38929E+00	 7.28421E+00	 8.41199E+00	 5.41625E+00	 3.52209E+00	 3.84475E+00	 2.75880E+00	 3.09161E+00	 3.22362E+00	 5.83279E+00	 7.03343E+00	 7.45116E+00	 7.19618E+00	 2.77376E+01	 3.58076E+01	 1.32321E+01	 4.68373E+00	 5.45884E+00	 5.41525E+00	 5.64875E+00	 3.06217E+00	 2.49404E+00	 2.50162E+00	 2.62252E+00	 2.69258E+00	 3.11527E+00	 4.12908E+00	 1.22944E+01	 1.02215E+01	 7.68105E+00	 5.42741E+00	 9.56247E+00	 1.48616E+01	 1.01807E+01	 7.27501E+00	 5.41169E+00	 7.52611E+00	 7.12242E+00	 9.04929E+00
 4.87487E+00	 5.30077E+00	 6.58390E+00	 8.46729E+00	 5.50912E+00	 4.43794E+00	 3.17882E+00	 4.84181E+00	 5.51069E+00	 5.76712E+00	 6.26906E+00	 2.63151E+00	 1.98924E+00	 2.00000E+00	 2.20331E+00	 2.75000E+00	 2.50000E+00	 1.65662E+00	 2.23730E+00	 1.91243E+00	 3.61165E+00	 2.80749E+00	 3.22678E+00	 3.88929E+00	 4.26809E+00	 1.49283E+00	 4.40517E+00	 4.46550E+00	 2.64882E+00	 2.63491E+00	 5.75904E+00	 8.68573E+00	 9.58851E+00	 1.16312E+01	 1.94510E+01	 2.39886E+01	 1.36261E+01	 1.20684E+01	 7.98213E+00	 9.56843E+00	 2.23875E+01	 2.61763E+01	 9.94647E+00	 3.72847E+00	 2.55279E+00	 7.22403E+00	 6.48952E+00	 4.94227E+00	 5.84426E+00	 1.75754E+01	 2.12316E+01	 8.83256E+00	 8.58274E+00	 1.78230E+01	 2.87415E+01	 1.42974E+01	 5.30470E+00	 3.89813E+00	 5.96968E+00	 6.65623E+00	 6.06050E+00
 4.54973E+00	 2.92827E+00	 2.51435E+00	 5.30785E+00	 6.41741E+00	 4.57180E+00	 4.37386E+00	 6.00625E+00	 1.12381E+01	 1.68223E+01	 1.38763E+01	 5.08227E+00	 1.66393E+00	 2.00000E+00	 2.60374E+00	 2.21343E+00	 1.75000E+00	 2.78213E+00	 4.23191E+00	 2.06285E+00	 2.43791E+00	 2.53228E+00	 2.60669E+00	 3.13754E+00	 3.86746E+00	 2.98779E+00	 9.12763E+00	 1.80997E+01	 1.31575E+01	 6.27735E+00	 2.93174E+00	 4.37588E+00	 8.96734E+00	 1.78587E+01	 1.39442E+01	 1.22030E+01	 6.52459E+00	 6.77506E+00	 7.79721E+00	 7.62954E+00	 4.33929E+01	 7.84706E+01	 2.30723E+01	 3.19980E+00	 2.01945E+00	 3.44980E+00	 3.93432E+00	 4.27985E+00	 3.89908E+00	 4.45869E+00	 4.63934E+00	 7.17681E+00	 9.35762E+00	 1.39267E+01	 1.23413E+01	 7.68837E+00	 6.00944E+00	 4.92334E+00	 4.41168E+00	 6.80717E+00	 6.11435E+00
 5.53441E+00	 3.72849E+00	 3.75000E+00	 7.13812E+00	 7.13186E+00	 1.14313E+01	 1.02644E+01	 9.02742E+00	 1.84047E+01	 2.47741E+01	 8.13929E+00	 3.62024E+00	 3.09652E+00	 1.22847E+00	 9.26868E-01	 1.21050E+00	 2.72597E+00	 2.88821E+00	 2.48924E+00	 4.65104E+00	 5.65835E+00	 6.04765E+00	 4.03067E+00	 4.27151E+00	 3.56144E+00	 6.53553E+00	 1.29511E+01	 2.81358E+01	 1.80127E+01	 1.04141E+01	 5.17968E+00	 5.69748E+00	 7.84079E+00	 3.71630E+00	 5.21527E+00	 5.45963E+00	 6.15059E+00	 6.21215E+00	 4.15826E+00	 5.33036E+00	 2.15652E+01	 3.93949E+01	 1.11436E+01	 3.44383E+00	 4.75000E+00	 3.99047E+00	 1.98594E+00	 6.25856E+00	 4.92216E+00	 3.24389E+00	 3.68824E+00	 7.12144E+00	 3.06547E+01	 7.66447E+01	 5.36859E+01	 8.91625E+00	 8.21902E+00	 5.52866E+00	 3.12066E+00	 3.44155E+00	 4.10762E+00
 3.00993E+00	 4.11339E+00	 3.31009E+00	 5.62791E+00	 9.36266E+00	 1.37249E+01	 2.14313E+01	 2.11319E+01	 9.77641E+00	 5.82855E+00	 4.85481E+00	 3.59072E+00	 2.69371E+00	 1.41607E+00	 2.04309E+00	 2.56717E+00	 2.05279E+00	 1.50000E+00	 2.59539E+00	 2.29303E+00	 4.54303E+00	 3.03095E+00	 2.66153E+00	 3.09853E+00	 3.33968E+00	 8.42565E+00	 1.61154E+01	 1.51158E+01	 2.13328E+01	 1.03016E+01	 4.45160E+00	 3.17826E+00	 2.30563E+00	 2.62429E+00	 4.34518E+00	 7.70297E+00	 5.92221E+00	 4.34496E+00	 4.25000E+00	 2.42270E+00	 3.17270E+00	 3.01809E+00	 2.64039E+00	 4.16011E+00	 5.76960E+00	 4.18306E+00	 7.26712E+00	 6.55727E+00	 6.71765E+00	 3.94410E+00	 3.50520E+00	 4.67220E+00	 1.32078E+01	 2.59572E+01	 5.21937E+01	 6.05884E+01	 1.44048E+01	 9.93290E+00	 6.84769E+00	 3.54508E+00	 3.00000E+00
 2.36834E+00	 2.95884E+00	 3.99268E+00	 4.04920E+00	 8.94840E+00	 1.09549E+01	 1.36849E+01	 8.25831E+00	 7.75898E+00	 6.95967E+00	 5.88400E+00	 6.35349E+00	 6.29352E+00	 5.72051E+00	 1.01958E+01	 3.15835E+00	 4.80321E+00	 5.16453E+00	 2.93031E+00	 4.94874E+00	 4.37429E+00	 4.78067E+00	 2.12614E+00	 3.10536E+00	 9.93544E+00	 1.45847E+01	 7.67342E+00	 6.68048E+00	 9.35619E+00	 4.64840E+00	 3.19410E+00	 3.19294E+00	 4.42248E+00	 2.78747E+00	 2.70607E+00	 4.74103E+00	 2.72814E+00	 2.09613E+00	 1.98206E+00	 3.16607E+00	 4.11834E+00	 2.56583E+00	 2.97477E+00	 7.64913E+00	 6.01904E+00	 5.97855E+00	 4.42070E+00	 6.07916E+00	 4.70869E+00	 6.15232E+00	 6.34949E+00	 1.59247E+01	 8.43057E+00	 8.68977E+00	 2.96088E+01	 4.02909E+01	 1.49530E+01	 9.37494E+00	 7.73370E+00	 2.48451E+00	 1.41971E+00
 2.24821E+00	 2.80827E+00	 2.15308E+00	 3.66221E+00	 7.64667E+00	 1.53746E+01	 1.13006E+01	 5.88623E+00	 4.46255E+00	 4.32171E+00	 5.15623E+00	 6.83289E+00	 7.14886E+00	 6.09181E+00	 4.70831E+00	 4.97656E+00	 6.89864E+00	 6.03210E+00	 8.60633E+00	 7.81247E+00	 5.63646E+00	 7.90274E+00	 5.58274E+00	 5.10682E+00	 7.94734E+00	 4.89236E+00	 5.59281E+00	 5.76982E+00	 5.42023E+00	 5.30758E+00	 6.05467E+00	 9.09991E+00	 5.42070E+00	 1.72640E+00	 3.78015E+00	 2.95600E+00	 3.81574E+00	 2.39768E+00	 3.13821E+00	 2.08914E+00	 1.75000E+00	 2.81074E+00	 2.74821E+00	 4.98749E+00	 8.38916E+00	 4.71527E+00	 4.90190E+00	 5.27569E+00	 2.60651E+00	 5.38279E+00	 1.23932E+01	 2.33097E+01	 1.20459E+01	 5.41011E+00	 4.32916E+00	 6.31258E+00	 9.03072E+00	 8.37908E+00	 4.51763E+00	 4.12240E+00	 3.64942E+00
 2.52152E+00	 3.59338E+00	 3.05390E+00	 3.03855E+00	 1.93322E+00	 8.45910E+00	 1.38647E+01	 1.04385E+01	 1.17892E+01	 5.61030E+00	 5.22329E+00	 4.57752E+00	 3.11298E+00	 2.53095E+00	 4.01434E+00	 5.07006E+00	 3.00000E+00	 2.34174E+00	 3.09357E+00	 3.63545E+00	 5.45460E+00	 5.33752E+00	 1.76678E+00	 3.82302E+00	 4.38491E+00	 8.59117E+00	 4.60266E+00	 5.70227E+00	 6.74855E+00	 1.71110E+01	 1.91714E+01	 2.28519E+01	 1.41290E+01	 1.35925E+01	 1.19358E+01	 9.27219E+00	 6.21831E+00	 4.29840E+00	 4.15104E+00	 5.71116E+00	 3.77151E+00	 4.68715E+00	 4.94619E+00	 4.24392E+00	 8.51957E+00	 7.15302E+00	 5.44279E+00	 8.49214E+00	 6.25912E+00	 7.21215E+00	 6.80119E+00	 2.44131E+01	 1.75676E+01	 6.35481E+00	 4.24283E+00	 3.83635E+00	 2.13755E+02	 1.28225E+03	 3.27195E+00	 1.97129E+00	 2.28060E+00
 2.25000E+00	 2.34913E+00	 2.33558E+00	 2.04018E+00	 3.26435E+00	 2.85047E+00	 4.55737E+00	 5.34216E+00	 6.99748E+00	 1.30428E+01	 5.40546E+00	 4.52322E+00	 3.09272E+00	 5.12041E+00	 3.48503E+00	 4.20562E+00	 3.43373E+00	 2.18169E+00	 2.69437E+00	 2.70844E+00	 1.64064E+00	 1.97849E+00	 5.72233E+00	 3.98343E+00	 2.21341E+00	 4.16768E+00	 2.75000E+00	 2.99283E+00	 7.44681E+00	 1.23763E+01	 8.69333E+00	 1.64830E+01	 1.57597E+01	 1.26872E+01	 9.15172E+00	 1.52119E+01	 1.97428E+01	 1.47285E+01	 8.98396E+00	 7.97616E+00	 6.44403E+00	 1.30574E+01	 5.63070E+00	 3.62842E+00	 6.32310E+00	 6.58419E+00	 4.78047E+00	 3.58274E+00	 2.52151E+00	 4.35744E+00	 7.90246E+00	 7.96787E+00	 5.40851E+00	 4.14768E+00	 7.97847E+00	 8.35444E+00	 9.21028E+00	 4.13245E+00	 1.92687E+00	 2.00000E+00	 1.50000E+00
 1.70607E+00	 1.99772E+00	 2.75000E+00	 2.85442E+00	 1.72072E+00	 3.90233E+00	 4.00260E+00	 5.26712E+00	 7.39886E+00	 7.43573E+00	 2.50000E+00	 3.48668E+00	 2.18539E+00	 1.72847E+00	 3.21769E+00	 2.93031E+00	 3.76802E+00	 3.28453E+00	 3.07008E+00	 2.50000E+00	 3.40880E+00	 2.30749E+00	 4.82676E+00	 3.66549E+00	 2.25000E+00	 3.00497E+00	 1.75000E+00	 3.22848E+00	 1.73536E+00	 2.61755E+00	 2.35396E+00	 2.00000E+00	 2.50146E+00	 2.95884E+00	 5.69825E+00	 1.22263E+01	 1.28703E+01	 1.64887E+01	 8.15904E+00	 3.71607E+00	 8.88749E+00	 1.41368E+01	 7.72680E+00	 3.00000E+00	 2.32173E+00	 5.06712E+00	 3.72814E+00	 3.08558E+00	 3.36849E+00	 6.04536E+00	 7.90369E+00	 5.28376E+00	 4.01988E+00	 6.77932E+00	 7.66687E+00	 1.36424E+01	 3.17096E+01	 6.73956E+00	 3.73594E+00	 2.45978E+00	 1.48536E+00
 3.22131E+00	 2.95696E+00	 3.27153E+00	 6.76243E+00	 5.94920E+00	 6.40274E+00	 4.72187E+00	 4.05642E+00	 5.76982E+00	 7.02866E+00	 5.97136E+00	 6.15662E+00	 3.78747E+00	 2.41227E+00	 2.47805E+00	 2.22072E+00	 3.45691E+00	 3.79304E+00	 3.00000E+00	 4.10043E+00	 5.34386E+00	 4.89757E+00	 1.64768E+00	 1.84652E+00	 4.56458E+00	 3.67809E+00	 2.91607E+00	 2.44878E+00	 2.28590E+00	 1.87419E+00	 1.52003E+00	 4.75000E+00	 2.80241E+00	 1.22504E+01	 7.37922E+01	 2.10929E+01	 1.50490E+01	 1.44159E+01	 7.05263E+00	 8.05733E+00	 3.24804E+01	 2.22836E+01	 3.67216E+00	 3.93031E+00	 5.12928E+00	 1.26988E+00	 8.57676E+00	 4.63798E+00	 4.14022E+00	 7.68183E+00	 5.41143E+00	 5.03532E+00	 2.69148E+00	 3.93890E+00	 9.98315E+00	 1.02316E+01	 1.72911E+01	 7.58312E+00	 4.91726E+00	 3.76809E+00	 4.25000E+00
 6.00000E+00	 5.69261E+00	 7.29303E+00	 4.58112E+00	 6.49404E+00	 6.03976E+00	 4.77344E+00	 3.22131E+00	 5.10279E+00	 4.58452E+00	 4.84475E+00	 7.05737E+00	 4.26534E+00	 1.95249E+00	 2.25228E+00	 2.75000E+00	 3.75000E+00	 2.78587E+00	 3.95460E+00	 2.57913E+00	 4.12614E+00	 2.12252E+00	 2.50000E+00	 2.67827E+00	 3.48698E+00	 7.33700E+00	 6.42207E+00	 6.07074E+00	 5.16548E+00	 3.83274E+00	 3.17270E+00	 1.26522E+01	 6.09216E+00	 1.67922E+01	 4.65929E+01	 2.06072E+01	 1.85515E+01	 1.05317E+01	 7.75061E+00	 7.49937E+00	 1.73887E+01	 1.43102E+01	 4.84216E+00	 2.95695E+00	 2.62581E+00	 1.71492E+00	 3.04022E+00	 4.72803E+00	 3.19337E+00	 3.35883E+00	 5.09635E+00	 3.62781E+00	 4.87581E+00	 6.22131E+00	 7.01823E+00	 8.62954E+00	 5.68222E+00	 4.05279E+00	 3.97640E+00	 3.75625E+00	 2.63742E+00
 7.74641E+00	 6.32676E+00	 6.27487E+00	 3.46340E+00	 4.87651E+00	 7.64861E+00	 4.69371E+00	 4.29892E+00	 4.57008E+00	 3.76435E+00	 4.40623E+00	 6.86612E+00	 9.16687E+00	 3.90835E+00	 2.45607E+00	 5.14558E+00	 6.74285E+00	 5.15088E+00	 4.93214E+00	 4.12614E+00	 3.12571E+00	 4.14768E+00	 2.16365E+00	 2.87614E+00	 3.30116E+00	 4.89018E+00	 7.88243E+00	 3.63288E+00	 4.17334E+00	 4.68373E+00	 5.16726E+00	 5.41143E+00	 8.64840E+00	 9.99734E+00	 7.64593E+00	 1.16011E+01	 1.06944E+01	 5.05525E+00	 4.50000E+00	 2.45884E+00	 6.00085E+00	 8.39005E+00	 1.38163E+01	 8.85659E+00	 2.65643E+00	 1.56718E+00	 1.96709E+00	 2.94142E+00	 2.47998E+00	 3.21341E+00	 1.25000E+00	 2.25000E+00	 3.35778E+00	 4.88661E+00	 3.59174E+00	 2.68542E+00	 3.58274E+00	 3.43628E+00	 2.59679E+00	 1.74283E+00	 3.09784E+00
 3.43062E+00	 4.20738E+00	 4.38875E+00	 4.39347E+00	 5.00880E+00	 5.97136E+00	 6.99821E+00	 9.04156E+00	 4.50000E+00	 3.95312E+00	 5.25456E+00	 6.38798E+00	 6.63068E+00	 2.75953E+00	 3.96468E+00	 6.39039E+00	 8.67454E+00	 5.30279E+00	 3.44155E+00	 3.59338E+00	 4.00649E+00	 3.86429E+00	 3.00000E+00	 2.87219E+00	 2.45691E+00	 3.27869E+00	 5.23527E+00	 7.18692E+00	 5.76395E+00	 9.37763E+00	 1.61787E+01	 1.24714E+01	 6.26957E+00	 3.39713E+00	 6.19980E+00	 6.26988E+00	 1.64768E+00	 1.41905E+00	 2.06047E+00	 2.35374E+00	 5.13194E+00	 2.25806E+01	 2.45131E+01	 5.55246E+00	 3.54303E+00	 2.93240E+00	 2.14237E+00	 1.45609E+00	 1.72849E+00	 2.07913E+00	 1.70609E+00	 1.65497E+00	 2.70460E+00	 7.53720E+00	 6.90826E+00	 3.00000E+00	 4.03060E+00	 3.50000E+00	 3.00000E+00	 3.31886E+00	 6.03426E+00
