//Exported ASCII-File
[Header]
FileName = C:\Users\reoml\Desktop\Mestrado\mapa raman\novas medidas\Medidas Raman - Rafael\Medidas Raman - Rafael\GO em substrato metalico (0.1 e 0.05) - Rafael.WIP
ImageName = Scan_001_Spec.Data 1_F: Min & Max -> Maximum [1509.8 rel. 1/cm -> 1690.2 rel. 1/cm]
PointsPerLine = 61
LinesPerImage = 61
ScanUnit = µm
ScanWidth = 30
ScanHeight = 30
ScanOriginX = 18.9759998321533
ScanOriginY = 8.75
ScanOriginZ = 0
DataUnit = CCD cts
[Data]
 6.18434E+00	 5.42742E+00	 4.36495E+00	 3.52248E+00	 1.46065E+00	 1.96143E+00	 1.97045E+00	 2.04369E+00	 2.25000E+00	 2.73686E+00	 3.02419E+00	 3.97492E+00	 1.18790E+01	 5.83321E+00	 4.17690E+00	 6.10697E+00	 8.36356E+00	 5.34311E+00	 2.51653E+00	 2.07856E+00	 2.25000E+00	 5.52889E+00	 6.27523E+00	 5.43886E+00	 4.64864E+00	 5.23878E+00	 3.90366E+00	 3.63209E+00	 4.08933E+00	 3.59259E+00	 4.01284E+00	 3.40323E+00	 7.22596E+00	 3.10787E+00	 5.79298E+00	 9.07973E+00	 1.00098E+01	 6.40240E+00	 1.90237E+01	 1.07604E+01	 5.33502E+00	 6.54135E+00	 1.50081E+01	 1.92040E+01	 1.28158E+01	 7.17384E+00	 1.23385E+01	 3.49095E+01	 3.46404E+01	 1.91455E+01	 9.42781E+00	 1.37005E+01	 7.25000E+00	 1.04586E+01	 3.75544E+00	 2.61495E+00	 1.91793E+00	 2.46717E+00	 2.25000E+00	 2.36017E+00	 3.38754E+00
 5.46124E+00	 4.63496E+00	 2.22522E+00	 7.43431E-01	 3.85593E+00	 5.25731E+00	 3.36024E+00	 4.71635E+00	 4.34648E+00	 2.87213E+00	 3.10893E+00	 5.36500E+00	 1.02613E+01	 8.06825E+00	 3.95568E+00	 4.39243E+00	 6.28957E+00	 4.09091E+00	 9.42167E-01	 2.49343E+00	 4.02126E+00	 4.21787E+00	 6.86614E+00	 4.15807E+00	 3.92144E+00	 3.44429E+00	 5.40900E+00	 3.63428E+00	 4.05312E+00	 3.68123E+00	 6.24527E+00	 3.26771E+00	 4.16793E+00	 4.38896E+00	 7.99319E+00	 1.37029E+01	 1.23200E+01	 1.56035E+01	 2.30613E+01	 1.81671E+01	 7.60454E+00	 4.71059E+00	 4.94295E+00	 3.69745E+00	 4.19089E+00	 3.58604E+00	 8.73706E+00	 8.94425E+00	 9.98695E+00	 7.35553E+00	 5.46791E+00	 5.14213E+00	 1.00832E+01	 1.51525E+01	 6.85817E+00	 6.63195E+00	 2.64587E+00	 1.67290E+00	 2.50000E+00	 2.17917E+00	 3.60835E+00
 8.61142E+00	 3.97209E+00	 3.27776E+00	 2.35136E+00	 4.18400E+00	 6.01566E+00	 4.29032E+00	 4.33604E+00	 4.00000E+00	 5.13710E+00	 5.42917E+00	 3.38238E+00	 4.54102E+00	 3.15458E+00	 2.75473E+00	 2.07875E+00	 3.00000E+00	 1.85938E+00	 1.78213E+00	 1.42815E+00	 2.40821E+00	 4.00000E+00	 1.85279E+00	 3.20897E+00	 6.38888E+00	 4.13888E+00	 4.50000E+00	 5.59311E+00	 3.60025E+00	 3.87408E+00	 7.19747E+00	 8.25000E+00	 4.20738E+00	 3.24015E+00	 4.95636E+00	 8.75177E+00	 5.40807E+00	 8.64883E+00	 1.63400E+01	 1.95437E+01	 1.06233E+01	 4.69592E+00	 3.68240E+00	 3.04025E+00	 6.51181E+00	 8.51844E+00	 9.27952E+00	 7.31423E+00	 7.62736E+00	 1.84016E+01	 3.65080E+01	 1.39446E+01	 1.26663E+01	 1.37219E+01	 5.49248E+00	 1.67470E+00	 3.05408E+00	 3.00000E+00	 3.12058E+00	 2.40807E+00	 2.97430E+00
 8.55451E+00	 3.94235E+00	 6.02966E+00	 7.27966E+00	 4.94361E+00	 4.83154E+00	 2.37087E+00	 2.50000E+00	 2.75000E+00	 6.44096E+00	 6.77775E+00	 4.17791E+00	 3.90156E+00	 4.07950E+00	 4.58574E+00	 4.41948E+00	 1.88859E+00	 2.53535E+00	 2.28002E+00	 3.63510E+00	 1.90392E+00	 3.05660E+00	 2.35025E+00	 2.90841E+00	 2.12941E+00	 1.98524E+00	 3.54502E+00	 3.59670E+00	 2.28390E+00	 6.17290E+00	 7.75000E+00	 3.85250E+00	 4.19592E+00	 3.15360E+00	 4.62344E+00	 5.49896E+00	 4.36615E+00	 4.73394E+00	 9.43975E+00	 1.21372E+01	 6.08218E+00	 3.53535E+00	 2.66846E+00	 8.35111E+00	 9.83727E+00	 7.03943E+00	 6.43776E+00	 3.81030E+00	 2.95279E+00	 7.72521E+00	 1.16523E+01	 6.50000E+00	 6.06427E+00	 5.55552E+00	 3.11112E+00	 3.00000E+00	 2.47375E+00	 2.37588E+00	 1.94750E+00	 2.56994E+00	 3.00000E+00
 4.92530E+00	 5.73029E+00	 5.27126E+00	 6.30469E+00	 7.36907E+00	 7.31156E+00	 5.39000E+00	 4.67568E+00	 3.39358E+00	 6.08729E+00	 8.51771E+00	 7.13563E+00	 3.53269E+00	 3.08729E+00	 3.00000E+00	 2.50000E+00	 2.75000E+00	 1.06755E+01	 2.03579E+01	 1.24440E+01	 4.69440E+00	 2.89472E+00	 2.44747E+00	 1.83636E+00	 2.67273E+00	 2.64538E+00	 2.75000E+00	 2.72373E+00	 2.25000E+00	 4.27966E+00	 5.35846E+00	 2.70018E+00	 1.69219E+00	 1.78331E+00	 3.11899E+00	 2.44756E+00	 1.40615E+00	 3.17174E+00	 9.02399E+00	 6.20763E+00	 2.90977E+00	 1.66624E+00	 2.89538E+00	 4.86083E+00	 1.12776E+01	 1.16049E+01	 7.39000E+00	 3.14682E+00	 2.73716E+00	 4.17815E+00	 5.31325E+00	 5.81378E+00	 8.50000E+00	 7.80485E+00	 5.07927E+00	 2.93692E+00	 1.77038E+00	 1.47373E+00	 3.79077E+00	 2.53854E+00	 2.00000E+00
 1.07854E+01	 2.80609E+01	 4.14880E+01	 2.23921E+01	 1.29544E+01	 1.25056E+01	 1.47419E+01	 1.10990E+01	 7.63198E+00	 1.50000E+01	 2.23162E+01	 1.45897E+01	 9.91718E+00	 1.37518E+01	 9.56626E+00	 1.06806E+01	 1.08885E+01	 1.37770E+01	 1.45548E+01	 9.91634E+00	 3.74992E+00	 1.98031E+00	 2.46061E+00	 3.47961E+00	 2.66641E+00	 2.90977E+00	 2.65204E+00	 1.75000E+00	 2.18563E+00	 2.22990E+00	 2.01835E+00	 2.20176E+00	 1.75000E+00	 2.46146E+00	 3.09542E+00	 1.75000E+00	 2.38519E+00	 4.90392E+00	 5.37903E+00	 4.98229E+00	 3.25000E+00	 4.02919E+00	 6.71716E+00	 8.42871E+00	 8.37749E+00	 1.04244E+01	 6.83882E+00	 3.81419E+00	 2.17197E+00	 4.45568E+00	 5.91498E+00	 6.45468E+00	 7.72874E+00	 9.40458E+00	 6.13563E+00	 3.55660E+00	 2.37462E+00	 2.18434E+00	 2.42917E+00	 4.00000E+00	 2.92784E+00
 5.91129E+00	 1.08064E+01	 1.34868E+01	 8.73411E+00	 1.00321E+01	 9.56926E+00	 1.53942E+01	 2.18189E+01	 1.91883E+01	 1.76924E+01	 1.93976E+01	 1.52581E+01	 1.17742E+01	 1.04308E+01	 1.12342E+01	 1.09792E+01	 1.44808E+01	 1.79162E+01	 1.95827E+01	 1.46385E+01	 4.94433E+00	 3.90796E+00	 2.18864E+00	 2.17130E+00	 4.00000E+00	 3.50000E+00	 1.91641E+00	 2.90352E+00	 2.75000E+00	 3.21187E+00	 4.28390E+00	 7.44025E+00	 7.55064E+00	 3.68491E+00	 3.25000E+00	 4.69448E+00	 5.31136E+00	 1.17595E+01	 2.60396E+01	 3.11391E+01	 1.44358E+01	 7.22563E+00	 1.12415E+01	 1.29432E+01	 9.13910E+00	 6.00000E+00	 6.96284E+00	 5.20185E+00	 4.23074E+00	 6.88994E+00	 2.16462E+01	 2.49179E+01	 1.78805E+01	 9.98387E+00	 6.16301E+00	 4.94592E+00	 3.55469E+00	 1.59994E+00	 2.15458E+00	 2.22932E+00	 2.71143E+00
 1.03691E+01	 8.46709E+00	 4.54839E+00	 3.90654E+00	 6.81308E+00	 8.08249E+00	 1.89901E+01	 3.29448E+01	 1.87179E+01	 6.14183E+00	 1.10219E+01	 1.49811E+01	 9.68911E+00	 5.91651E+00	 3.85454E+00	 8.77638E+00	 1.51459E+01	 2.07698E+01	 1.69663E+01	 1.12163E+01	 9.35966E+00	 5.75000E+00	 3.58933E+00	 3.19223E+00	 1.16641E+00	 1.88514E+00	 3.68886E+00	 2.88316E+00	 2.55379E+00	 3.39665E+00	 3.02952E+00	 8.00383E+00	 1.05820E+01	 6.99060E+00	 3.32209E+00	 1.12782E+01	 1.19034E+01	 2.62661E+01	 8.19839E+01	 1.15710E+02	 6.25645E+01	 9.91935E+00	 8.20572E+00	 7.24770E+00	 3.88294E+00	 2.98394E+00	 2.82202E+00	 3.02784E+00	 4.49646E+00	 7.00031E+00	 2.39249E+01	 3.57317E+01	 1.94602E+01	 7.04364E+00	 5.64213E+00	 3.60787E+00	 3.66641E+00	 2.97581E+00	 5.03957E+00	 1.22497E+01	 7.41642E+00
 7.86881E+00	 4.13851E+00	 4.10332E+00	 4.46060E+00	 4.93123E+00	 5.57432E+00	 7.47160E+00	 7.06768E+00	 5.95170E+00	 1.09646E+01	 1.65276E+01	 1.43055E+01	 7.70702E+00	 9.57082E+00	 7.75000E+00	 6.51844E+00	 1.27507E+01	 1.09004E+01	 4.31203E+00	 4.35757E+00	 5.31325E+00	 5.48695E+00	 3.78999E+00	 2.50000E+00	 2.69430E+00	 2.71148E+00	 2.44092E+00	 2.47492E+00	 1.46146E+00	 2.25000E+00	 2.69531E+00	 4.86762E+00	 5.67374E+00	 5.92690E+00	 6.73350E+00	 1.25437E+01	 1.45425E+01	 1.90835E+01	 3.78365E+01	 4.31650E+01	 2.17781E+01	 7.75008E+00	 3.50000E+00	 3.74456E+00	 2.98798E+00	 1.67102E+00	 3.23029E+00	 2.45163E+00	 3.27052E+00	 4.94621E+00	 7.68074E+00	 6.88385E+00	 5.27243E+00	 4.57602E+00	 4.08729E+00	 2.22373E+00	 3.90153E+00	 4.00000E+00	 6.02010E+00	 7.32519E+00	 1.00423E+01
 3.42144E+00	 4.80303E+00	 9.16188E+00	 1.07251E+01	 4.14583E+00	 5.56030E+00	 5.46791E+00	 5.21284E+00	 7.27647E+00	 1.30514E+01	 1.90222E+01	 1.29693E+01	 1.54841E+01	 2.64246E+01	 2.09841E+01	 7.67470E+00	 9.43992E+00	 1.39291E+01	 8.23110E+00	 4.77807E+00	 3.84455E+00	 3.37352E+00	 2.64183E+00	 3.00454E+00	 2.25000E+00	 2.50000E+00	 5.69434E+00	 8.53834E+00	 6.30571E+00	 3.20076E+00	 3.14864E+00	 3.74319E+00	 9.84297E+00	 1.20788E+01	 8.38851E+00	 4.41664E+00	 4.61320E+00	 4.47874E+00	 7.38681E+00	 9.90099E+00	 4.00000E+00	 2.81452E+00	 3.16492E+00	 2.22373E+00	 3.35787E+00	 2.73686E+00	 3.86216E+00	 3.74969E+00	 3.96065E+00	 5.13563E+00	 9.75031E+00	 1.33007E+01	 1.80513E+01	 2.25012E+01	 9.38010E+00	 2.51969E+00	 2.25000E+00	 2.23716E+00	 1.49015E+00	 2.91577E+00	 7.98496E+00
 2.45410E+00	 4.50000E+00	 6.32184E+00	 4.33719E+00	 4.86795E+00	 3.45631E+00	 4.13195E+00	 5.59116E+00	 4.88502E+00	 5.93230E+00	 5.76893E+00	 4.67666E+00	 1.60081E+01	 2.76385E+01	 1.57831E+01	 1.32405E+01	 1.00176E+01	 1.22736E+01	 7.61320E+00	 6.57258E+00	 5.27784E+00	 3.21065E+00	 2.75000E+00	 3.66142E+00	 5.09003E+00	 4.88910E+00	 7.31481E+00	 1.08769E+01	 1.11132E+01	 4.20689E+00	 2.91927E+00	 2.50945E+00	 6.32376E+00	 1.09125E+01	 6.24055E+00	 2.83896E+00	 3.67125E+00	 3.97375E+00	 3.58052E+00	 6.36097E+00	 1.16173E+01	 1.58916E+01	 1.47409E+01	 4.33288E+00	 1.98359E+00	 3.50000E+00	 7.66948E+00	 1.60284E+01	 1.93067E+01	 9.78269E+00	 1.77339E+01	 3.68497E+01	 3.91210E+01	 2.90698E+01	 1.15708E+01	 2.45821E+00	 2.41641E+00	 2.95083E+00	 2.11875E+00	 3.37606E+00	 7.26613E+00
 4.97389E+00	 6.30545E+00	 2.63983E+00	 1.25000E+00	 4.48749E+00	 4.93886E+00	 5.07869E+00	 5.16426E+00	 3.49343E+00	 4.76971E+00	 3.25000E+00	 3.44089E+00	 3.98229E+00	 8.93074E+00	 2.08325E+01	 2.42525E+01	 9.61704E+00	 3.20377E+00	 4.00943E+00	 8.51305E+00	 8.93407E+00	 4.26047E+00	 3.41948E+00	 6.14975E+00	 7.68230E+00	 6.50127E+00	 4.63859E+00	 1.13074E+01	 1.45729E+01	 8.37606E+00	 5.62615E+00	 4.83834E+00	 6.95259E+00	 1.10037E+01	 7.57054E+00	 4.73030E+00	 6.92197E+00	 9.37797E+00	 1.19247E+01	 2.30321E+01	 3.11260E+01	 3.55609E+01	 2.05563E+01	 6.42476E+00	 3.17290E+00	 1.45425E+01	 3.33442E+01	 2.93886E+01	 1.68529E+01	 1.21227E+01	 5.61119E+01	 1.09258E+02	 8.61420E+01	 2.33162E+01	 7.77819E+00	 1.04255E+01	 2.52302E+01	 1.87932E+01	 5.19448E+00	 5.49194E+00	 1.23472E+01
 8.00354E+00	 7.29951E+00	 6.58249E+00	 4.58249E+00	 6.62344E+00	 5.69592E+00	 1.48385E+01	 3.73527E+01	 2.05709E+01	 4.32432E+00	 6.60280E+00	 3.82406E+00	 3.56136E+00	 3.75354E+00	 4.30059E+00	 3.72048E+00	 2.66818E+00	 3.14707E+00	 2.95497E+00	 5.89000E+00	 5.87772E+00	 4.22874E+00	 4.91325E+00	 5.46998E+00	 1.13406E+01	 1.16936E+01	 6.37608E+00	 6.28269E+00	 8.34748E+00	 4.94103E+00	 4.52776E+00	 6.47563E+00	 9.34116E+00	 1.43306E+01	 1.88267E+01	 7.81540E+00	 1.12207E+01	 1.01908E+01	 1.01245E+01	 2.24503E+01	 2.71911E+01	 1.50949E+01	 1.87292E+01	 4.89394E+00	 3.65977E+00	 8.73238E+00	 1.99778E+01	 9.80074E+00	 3.09580E+00	 6.39516E+00	 2.63145E+01	 4.94204E+01	 3.62124E+01	 3.41664E+00	 3.21392E+00	 2.14677E+01	 5.89855E+01	 3.83449E+01	 6.61498E+00	 6.48229E+00	 2.11961E+01
 3.62615E+00	 4.13362E+00	 5.19865E+00	 4.04943E+00	 4.08810E+00	 4.73524E+00	 7.36638E+00	 1.56150E+01	 1.06746E+01	 2.76570E+00	 3.75000E+00	 3.37235E+00	 3.81877E+00	 2.72430E+00	 2.68123E+00	 4.00000E+00	 2.40969E+00	 1.97430E+00	 6.32697E+00	 1.34793E+01	 8.59237E+00	 4.25000E+00	 3.39063E+00	 4.55571E+00	 3.56422E+00	 5.00380E+00	 5.23582E+00	 2.94747E+00	 2.43573E+00	 3.51313E+00	 4.75000E+00	 6.06661E+00	 4.93495E+00	 9.91057E+00	 1.11756E+01	 1.41588E+01	 1.87782E+01	 1.16415E+01	 1.04065E+01	 1.71939E+01	 1.70517E+01	 6.10858E+00	 5.88505E+00	 3.96060E+00	 1.86481E+00	 3.81642E+00	 3.64063E+00	 2.75000E+00	 2.50000E+00	 2.39750E+00	 1.72111E+00	 2.27478E+00	 1.35593E+00	 2.25000E+00	 2.25000E+00	 1.98238E+00	 6.04223E+00	 1.12500E+01	 2.25000E+00	 2.13859E+00	 6.28451E+00
 3.41927E+00	 5.18578E+00	 6.25000E+00	 2.75000E+00	 4.50000E+00	 4.22806E+00	 6.41301E+00	 3.36216E+00	 2.95498E+00	 3.76122E+00	 4.48031E+00	 6.25000E+00	 4.37154E+00	 2.59542E+00	 3.22047E+00	 2.50000E+00	 3.33182E+00	 3.91712E+00	 5.88296E+00	 1.40177E+01	 1.36179E+01	 4.88710E+00	 4.23499E+00	 3.80119E+00	 5.18615E+00	 7.43923E+00	 8.94340E+00	 7.11500E+00	 8.14376E+00	 5.33675E+00	 7.08154E+00	 7.37903E+00	 6.50000E+00	 5.10787E+00	 8.18886E+00	 5.26813E+00	 7.72293E+00	 5.28541E+00	 6.61246E+00	 1.48985E+01	 1.28131E+01	 5.31423E+00	 4.22373E+00	 3.97373E+00	 3.88294E+00	 5.67004E+00	 3.68672E+00	 2.01771E+00	 2.89407E+00	 1.50000E+00	 3.12462E+00	 2.73359E+00	 1.96065E+00	 1.75000E+00	 2.37462E+00	 3.30253E+00	 6.00000E+00	 7.17102E+00	 4.05832E+00	 2.75000E+00	 6.47686E+00
 3.43006E+00	 1.23686E+00	 2.75844E+00	 2.62850E+00	 6.51818E+00	 5.92871E+00	 3.78211E+00	 1.66166E+00	 2.63385E+00	 4.42815E+00	 4.25000E+00	 2.78125E+00	 3.53125E+00	 1.96465E+00	 2.39182E+00	 3.00000E+00	 2.25000E+00	 3.25000E+00	 3.14154E+00	 8.17273E+00	 5.48411E+00	 7.00422E+00	 4.34844E+00	 2.90689E+00	 3.21716E+00	 6.92747E+00	 9.83488E+00	 1.86664E+01	 2.13065E+01	 8.67398E+00	 6.78099E+00	 7.17690E+00	 4.75000E+00	 2.89587E+00	 4.59455E+00	 3.75947E+00	 3.02419E+00	 3.41129E+00	 3.17784E+00	 5.00000E+00	 3.62903E+00	 3.35286E+00	 5.93074E+00	 5.06432E+00	 7.46220E+00	 1.48037E+01	 6.16040E+00	 5.43123E+00	 3.72375E+00	 2.16475E+00	 2.94340E+00	 3.64513E+00	 4.98903E+00	 5.45083E+00	 2.48499E+00	 3.71143E+00	 4.79032E+00	 5.80784E+00	 3.44092E+00	 3.17122E+00	 6.78957E+00
 7.52769E+00	 6.88710E+00	 1.22500E+01	 1.15831E+01	 8.49281E+00	 7.14358E+00	 3.20821E+00	 2.48903E+00	 2.41641E+00	 4.70377E+00	 3.09031E+00	 2.97111E+00	 4.60697E+00	 2.06681E+00	 4.50000E+00	 4.20410E+00	 2.91190E+00	 3.86907E+00	 3.00000E+00	 3.85236E+00	 7.61567E+00	 8.02298E+00	 7.98985E+00	 1.15005E+01	 6.02762E+00	 3.74015E+00	 7.18433E+00	 1.54622E+01	 1.02408E+01	 2.27236E+01	 9.98985E+00	 6.07360E+00	 2.35642E+00	 2.82013E+00	 2.13205E+00	 4.51771E+00	 2.47375E+00	 3.18240E+00	 4.01411E+00	 3.00000E+00	 4.14864E+00	 1.69429E+00	 2.23716E+00	 4.79839E+00	 3.34495E+00	 6.08293E+00	 5.01476E+00	 5.17640E+00	 1.97454E+00	 3.40515E+00	 4.60874E+00	 3.75000E+00	 9.67791E+00	 8.38706E+00	 5.17082E+00	 5.15261E+00	 3.70163E+00	 4.75000E+00	 5.99292E+00	 3.78941E+00	 3.97656E+00
 1.82368E+01	 2.30555E+01	 1.14743E+01	 1.04334E+01	 1.97984E+01	 2.92642E+01	 7.82432E+00	 6.21709E+00	 2.93563E+00	 2.50826E+00	 5.29493E+00	 7.16871E+00	 1.80564E+01	 6.88385E+00	 5.11104E+00	 3.58896E+00	 3.37235E+00	 4.53999E+00	 5.27052E+00	 3.42640E+00	 9.08483E+00	 1.32823E+01	 1.84206E+01	 1.38047E+01	 6.73238E+00	 6.99015E+00	 4.39183E+00	 6.81853E+00	 1.00902E+01	 1.57883E+01	 9.57406E+00	 9.60136E+00	 4.70513E+00	 3.63205E+00	 4.20636E+00	 4.96465E+00	 3.72752E+00	 3.90969E+00	 5.40304E+00	 4.63976E+00	 2.21065E+00	 2.92398E+00	 1.00000E+00	 2.00844E+00	 1.70183E+00	 4.19046E+00	 4.57530E+00	 2.45163E+00	 2.34269E+00	 1.45083E+00	 2.00000E+00	 2.80560E+00	 3.82898E+00	 6.78525E+00	 5.16142E+00	 3.06505E+00	 2.93439E+00	 2.98031E+00	 3.34159E+00	 3.96787E+00	 4.11879E+00
 7.84296E+01	 5.40887E+01	 1.00968E+01	 7.62606E+00	 2.85002E+01	 3.32125E+01	 9.43622E+00	 4.16496E+00	 4.00000E+00	 3.47373E+00	 3.44941E+00	 5.02492E+00	 6.13710E+00	 3.96060E+00	 9.63710E+00	 9.86290E+00	 5.40841E+00	 2.95821E+00	 3.86356E+00	 4.58604E+00	 6.25681E+00	 1.20157E+01	 1.24409E+01	 1.04742E+01	 7.84811E+00	 8.29102E+00	 6.97757E+00	 8.35697E+00	 5.72469E+00	 5.49456E+00	 5.27682E+00	 6.59739E+00	 2.79428E+00	 2.17130E+00	 1.92285E+00	 2.79364E+00	 2.81955E+00	 4.27492E+00	 2.87772E+00	 2.22048E+00	 5.78608E+00	 7.06808E+00	 3.59811E+00	 3.51771E+00	 2.90167E+00	 4.75000E+00	 5.31642E+00	 3.93240E+00	 3.87412E+00	 2.98903E+00	 2.44621E+00	 2.91301E+00	 1.77479E+00	 3.78627E+00	 5.23144E+00	 4.95083E+00	 5.51589E+00	 4.45738E+00	 7.36791E+00	 4.57406E+00	 2.72752E+00
 3.99482E+01	 2.19960E+01	 8.75000E+00	 8.00000E+00	 1.26262E+01	 5.74823E+00	 2.73073E+00	 3.06681E+00	 2.50000E+00	 5.32927E+00	 6.63724E+00	 4.00000E+00	 3.80244E+00	 2.83933E+00	 4.53627E+00	 4.94085E+00	 3.39407E+00	 3.93776E+00	 3.95568E+00	 4.38710E+00	 8.49827E+00	 8.75417E+00	 8.22522E+00	 7.41488E+00	 6.25000E+00	 6.13209E+00	 9.00000E+00	 6.18220E+00	 4.46961E+00	 5.06853E+00	 8.67131E+00	 4.14417E+00	 7.38621E+00	 5.94310E+00	 1.03366E+01	 4.36887E+00	 5.37552E+00	 4.31780E+00	 2.87059E+00	 3.39165E+00	 7.57163E+00	 9.81536E+00	 5.26411E+00	 4.50000E+00	 3.81926E+00	 3.93864E+00	 1.01413E+01	 9.21670E+00	 6.09455E+00	 4.15189E+00	 2.90841E+00	 2.75127E+00	 4.23187E+00	 6.22637E+00	 5.57216E+00	 1.31002E+01	 7.86149E+00	 4.31166E+00	 5.68240E+00	 5.40821E+00	 2.25000E+00
 5.19592E+00	 7.11319E+00	 4.46146E+00	 3.57360E+00	 4.06303E+00	 2.59269E+00	 3.77419E+00	 3.60434E+00	 2.10593E+00	 3.97216E+00	 4.73716E+00	 3.72108E+00	 3.07333E+00	 3.75000E+00	 3.73110E+00	 3.20748E+00	 2.51813E+00	 4.06625E+00	 3.20636E+00	 5.52835E+00	 6.61791E+00	 8.72637E+00	 8.09461E+00	 6.07950E+00	 5.63119E+00	 4.75000E+00	 4.32869E+00	 4.90252E+00	 1.21284E+00	 2.04102E+00	 8.77762E+00	 1.36282E+01	 6.71574E+00	 7.69984E+00	 7.77656E+00	 4.80915E+00	 3.98074E+00	 2.49174E+00	 2.90167E+00	 4.25000E+00	 4.52360E+00	 5.46791E+00	 3.89177E+00	 3.43886E+00	 4.50000E+00	 2.90153E+00	 9.85035E+00	 7.33154E+00	 4.46465E+00	 4.43489E+00	 3.50177E+00	 3.67130E+00	 4.63107E+00	 5.91878E+00	 4.88119E+00	 4.28445E+00	 1.10229E+01	 6.72508E+00	 4.38417E+00	 4.10721E+00	 2.54502E+00
 3.67122E+00	 5.24527E+00	 3.69430E+00	 4.75473E+00	 4.33858E+00	 3.00000E+00	 6.18045E+00	 5.81452E+00	 3.48582E+00	 4.35170E+00	 2.53608E+00	 3.71392E+00	 4.58288E+00	 4.66878E+00	 7.29077E+00	 4.27776E+00	 4.86567E+00	 1.20278E+01	 1.49720E+01	 8.05173E+00	 4.52126E+00	 5.47217E+00	 4.72165E+00	 6.86791E+00	 9.89243E+00	 6.50000E+00	 3.50000E+00	 3.34455E+00	 3.24576E+00	 5.35487E+00	 3.64513E+00	 4.84455E+00	 5.25000E+00	 4.25000E+00	 3.69974E+00	 2.75000E+00	 4.70498E+00	 2.18255E+00	 3.61512E+00	 1.71789E+00	 3.32650E+00	 1.87462E+00	 2.45670E+00	 4.78455E+00	 1.66641E+00	 2.92122E+00	 3.20076E+00	 3.53934E+00	 1.84576E+00	 4.52419E+00	 3.65583E+00	 6.56536E+00	 1.02571E+01	 9.20513E+00	 1.09511E+01	 1.11006E+01	 1.04688E+01	 9.49158E+00	 9.61791E+00	 5.43433E+00	 8.57066E+00
 2.72373E+00	 6.63209E+00	 1.29947E+01	 9.40304E+00	 5.08504E+00	 1.00852E+01	 9.74194E+00	 6.59696E+00	 6.56567E+00	 4.00544E+00	 3.27776E+00	 6.55324E+00	 3.07258E+00	 4.06511E+00	 7.34700E+00	 5.81365E+00	 7.34486E+00	 3.33834E+01	 4.13889E+01	 1.79616E+01	 9.44863E+00	 1.14624E+01	 1.16359E+01	 1.01708E+01	 1.20901E+01	 8.31877E+00	 2.64213E+00	 3.98499E+00	 3.66475E+00	 5.86231E+00	 2.72430E+00	 2.75000E+00	 2.92102E+00	 2.47752E+00	 1.74343E+00	 2.36875E+00	 4.29132E+00	 3.75000E+00	 2.88439E+00	 5.04369E+00	 8.96774E+00	 3.70161E+00	 4.60528E+00	 3.52508E+00	 1.38428E+00	 6.79768E+00	 6.86090E+00	 3.61867E+00	 2.57071E+00	 1.97522E+00	 4.92045E+00	 7.78063E+00	 9.42271E+00	 9.13826E+00	 1.28733E+01	 1.66980E+01	 9.80648E+00	 1.55015E+01	 1.97559E+01	 2.01647E+01	 1.47563E+01
 4.50000E+00	 2.36048E+01	 2.38173E+01	 1.33585E+01	 1.01497E+01	 8.82356E+00	 6.42197E+00	 4.79822E+00	 5.00754E+00	 6.01418E+00	 5.26202E+00	 4.75752E+00	 4.79839E+00	 5.56328E+00	 4.57984E+00	 3.52243E+00	 4.20503E+00	 2.07134E+01	 3.17143E+01	 1.57765E+01	 4.75707E+00	 5.41271E+00	 8.33218E+00	 1.04746E+01	 5.94545E+00	 1.17682E+01	 8.56230E+00	 5.16233E+00	 3.27506E+00	 2.74456E+00	 4.10236E+00	 3.53280E+00	 4.21720E+00	 3.93615E+00	 2.55012E+00	 2.73394E+00	 7.37729E+00	 4.76122E+00	 2.40515E+00	 3.99153E+00	 8.94592E+00	 4.28365E+00	 3.96720E+00	 3.88510E+00	 9.70908E+00	 1.87918E+01	 2.20943E+01	 6.98136E+00	 3.56642E+00	 1.63514E+00	 1.94750E+00	 4.45631E+00	 5.66624E+00	 1.18114E+01	 1.31226E+01	 7.51122E+00	 4.04087E+00	 8.95120E+00	 2.02516E+01	 1.55465E+01	 1.61840E+01
 5.23499E+00	 9.89182E+00	 8.00000E+00	 2.71932E+00	 3.22430E+00	 4.16045E+00	 8.81365E+00	 7.00000E+00	 7.10250E+00	 7.70170E+00	 4.43548E+00	 2.09269E+00	 4.00000E+00	 3.67917E+00	 3.93622E+00	 2.14720E+00	 3.29252E+00	 1.03221E+01	 1.49119E+01	 8.89003E+00	 7.90458E+00	 5.27718E+00	 3.82333E+00	 2.99055E+00	 3.04428E+00	 8.25708E+00	 5.65515E+00	 3.32333E+00	 3.48394E+00	 3.00000E+00	 2.23716E+00	 2.98030E+00	 2.84485E+00	 1.91006E+00	 3.16006E+00	 2.50844E+00	 2.57470E+00	 2.26378E+00	 4.36863E+00	 6.20747E+00	 4.38983E+00	 2.42285E+00	 2.31994E+00	 3.90997E+00	 5.64543E+00	 1.20095E+01	 1.98782E+01	 1.43933E+01	 3.89763E+00	 2.13194E+00	 2.35189E+00	 3.20923E+00	 3.87087E+00	 3.38817E+01	 5.18029E+01	 2.19703E+01	 5.09696E+00	 4.45043E+00	 7.36863E+00	 1.02715E+01	 6.07209E+00
 3.89034E+00	 2.80660E+00	 2.63061E+00	 4.11831E+00	 4.76693E+00	 2.34091E+00	 3.16301E+00	 4.80690E+00	 5.40977E+00	 7.40977E+00	 5.20631E+00	 3.58574E+00	 2.29324E+00	 3.73074E+00	 3.11437E+00	 2.43563E+00	 2.83994E+00	 2.99493E+00	 5.50000E+00	 3.95503E+00	 4.41624E+00	 4.16751E+00	 4.12385E+00	 2.70738E+00	 2.24477E+00	 4.79331E+00	 5.61319E+00	 3.37942E+00	 4.72181E+00	 6.08678E+00	 3.56230E+00	 2.85697E+00	 2.58699E+00	 2.77783E+00	 2.78125E+00	 2.80704E+00	 2.72045E+00	 4.45043E+00	 6.56681E+00	 4.88345E+00	 4.56230E+00	 3.49493E+00	 2.39177E+00	 2.47375E+00	 2.57602E+00	 4.55905E+00	 6.41371E+00	 2.23074E+00	 2.48687E+00	 1.81955E+00	 1.44750E+00	 3.25000E+00	 2.94217E+00	 7.76890E+00	 7.87097E+00	 3.85593E+00	 3.76378E+00	 2.75909E+00	 1.17677E+00	 2.50000E+00	 2.42125E+00
 2.95272E+00	 4.85528E+00	 3.69531E+00	 3.59269E+00	 3.92784E+00	 2.48716E+00	 3.07729E+00	 3.17271E+00	 3.42273E+00	 3.69450E+00	 6.54678E+00	 4.64665E+00	 3.23499E+00	 2.71932E+00	 1.75000E+00	 2.81328E+00	 4.05915E+00	 5.67271E+00	 4.06955E+00	 3.48687E+00	 3.01606E+00	 2.65159E+00	 3.40689E+00	 2.72874E+00	 2.47111E+00	 1.75000E+00	 2.02783E+00	 5.14163E+00	 5.84576E+00	 4.17102E+00	 3.69863E+00	 3.28280E+00	 3.47432E+00	 2.48716E+00	 2.03426E+00	 3.47108E+00	 2.47375E+00	 2.37213E+00	 4.98912E+00	 6.87756E+00	 5.58755E+00	 9.16559E+00	 7.36089E+00	 3.47432E+00	 1.46061E+00	 2.19747E+00	 9.93581E-01	 1.59311E+00	 3.47752E+00	 2.47522E+00	 1.50000E+00	 1.85542E+00	 2.94219E+00	 1.50000E+00	 1.83933E+00	 2.46465E+00	 2.90821E+00	 2.72047E+00	 3.81593E+00	 3.85624E+00	 4.28688E+00
 1.91396E+00	 4.42667E+00	 3.89394E+00	 2.79364E+00	 2.25000E+00	 3.80832E+00	 3.00947E+00	 3.43923E+00	 3.78854E+00	 6.35199E+00	 5.71616E+00	 5.32723E+00	 3.85569E+00	 2.50000E+00	 2.25000E+00	 3.04728E+00	 4.63888E+00	 6.91262E+00	 3.86881E+00	 3.48029E+00	 1.63563E+00	 3.73347E+00	 3.40352E+00	 3.65360E+00	 2.47589E+00	 1.48029E+00	 1.72147E+00	 2.81030E+00	 5.25000E+00	 6.93045E+00	 4.29728E+00	 6.45272E+00	 5.97492E+00	 3.91142E+00	 3.16641E+00	 2.61495E+00	 2.00000E+00	 3.87126E+00	 4.65330E+00	 4.76284E+00	 5.42384E+00	 1.25215E+01	 8.70579E+00	 4.07272E+00	 2.75000E+00	 2.75000E+00	 3.41948E+00	 2.47430E+00	 2.31328E+00	 2.58328E+00	 3.82452E+00	 4.72757E+00	 4.32697E+00	 5.27147E+00	 3.15261E+00	 1.97375E+00	 2.29982E+00	 3.00000E+00	 4.19747E+00	 5.58882E+00	 6.10130E+00
 7.51813E+00	 5.00000E+00	 3.00000E+00	 2.28716E+00	 3.88758E+00	 5.61762E+00	 6.14843E+00	 5.37756E+00	 5.64450E+00	 7.17249E+00	 7.06582E+00	 5.72108E+00	 5.95468E+00	 4.13385E+00	 4.42122E+00	 3.47045E+00	 2.83376E+00	 3.46065E+00	 6.47224E+00	 1.11210E+01	 7.87097E+00	 2.75000E+00	 3.50000E+00	 6.11149E+00	 7.07082E+00	 4.99527E+00	 2.93776E+00	 3.50000E+00	 4.25000E+00	 4.74873E+00	 5.60025E+00	 2.83896E+00	 3.15654E+00	 3.00000E+00	 2.40689E+00	 2.60250E+00	 2.16818E+00	 2.50000E+00	 2.12462E+00	 3.36481E+00	 5.33502E+00	 1.10402E+01	 1.06302E+01	 6.22757E+00	 2.90997E+00	 2.76771E+00	 2.34844E+00	 1.98030E+00	 2.58052E+00	 4.32209E+00	 6.34796E+00	 4.90900E+00	 6.18181E+00	 1.04518E+01	 9.18635E+00	 5.01687E+00	 4.50422E+00	 3.52508E+00	 3.67667E+00	 3.62058E+00	 2.93548E+00
 5.82996E+00	 7.24293E+00	 3.74646E+00	 4.07729E+00	 5.60318E+00	 6.23843E+00	 1.36373E+01	 1.62897E+01	 7.63180E+00	 3.11356E+00	 2.81911E+00	 3.82680E+00	 1.36746E+01	 2.12937E+01	 7.93635E+00	 3.62126E+00	 2.60136E+00	 2.56308E+00	 2.99747E+00	 4.18635E+00	 3.58636E+00	 1.50000E+00	 3.70923E+00	 5.41927E+00	 1.16507E+01	 8.93548E+00	 3.95503E+00	 6.27419E+00	 7.01122E+00	 5.02775E+00	 4.42457E+00	 5.22581E+00	 4.11214E+00	 3.64177E+00	 4.00000E+00	 3.25000E+00	 4.40458E+00	 4.30137E+00	 6.16657E+00	 5.71692E+00	 6.61791E+00	 3.87264E+00	 6.10846E+00	 3.55333E+00	 3.16624E+00	 3.15969E+00	 3.17122E+00	 2.07870E+00	 1.88710E+00	 4.15156E+00	 4.02478E+00	 2.41492E+00	 3.00000E+00	 3.47462E+00	 3.88514E+00	 6.31937E+00	 8.81325E+00	 4.97596E+00	 8.08249E+00	 9.49249E+00	 3.84008E+00
 2.96143E+00	 4.68378E+00	 3.44676E+00	 3.01411E+00	 6.11684E+00	 4.61141E+00	 9.37903E+00	 1.55977E+01	 7.65615E+00	 3.25000E+00	 3.30570E+00	 5.10318E+00	 1.58727E+01	 2.73173E+01	 1.74816E+01	 6.02243E+00	 4.68123E+00	 2.90189E+00	 3.34670E+00	 3.25844E+00	 2.48029E+00	 3.57258E+00	 9.72238E+00	 2.19388E+01	 5.50516E+01	 5.92885E+01	 8.09677E+00	 5.79887E+00	 7.88896E+00	 1.26112E+01	 1.35323E+01	 5.80660E+00	 4.20074E+00	 4.32209E+00	 2.96146E+00	 4.73524E+00	 3.46060E+00	 5.86013E+00	 1.54327E+01	 1.27467E+01	 8.59901E+00	 8.41371E+00	 8.32996E+00	 3.37971E+00	 2.61842E+00	 3.04595E+00	 2.65977E+00	 3.15654E+00	 2.52411E+00	 2.91878E+00	 3.69310E+00	 4.21932E+00	 3.25000E+00	 1.22432E+00	 2.16104E+00	 6.21731E+00	 9.84116E+00	 6.87076E+00	 1.10961E+01	 1.65609E+01	 5.68230E+00
 2.07996E+00	 3.02853E+00	 2.22430E+00	 3.06505E+00	 4.14587E+00	 5.58249E+00	 5.72231E+00	 6.10286E+00	 2.99646E+00	 3.13362E+00	 4.69688E+00	 1.05807E+01	 2.41730E+01	 2.74311E+01	 9.80608E+00	 4.30690E+00	 4.36379E+00	 2.40304E+00	 2.27297E+00	 2.52248E+00	 1.90997E+00	 4.87058E+00	 1.16234E+01	 2.27382E+01	 1.94510E+01	 1.91305E+01	 1.08891E+01	 8.50000E+00	 1.04824E+01	 1.87661E+01	 1.98629E+01	 1.08484E+01	 6.18270E+00	 4.44984E+00	 2.50000E+00	 3.10835E+00	 3.12656E+00	 3.25000E+00	 4.91442E+00	 6.07999E+00	 4.31308E+00	 7.46961E+00	 5.72108E+00	 5.06230E+00	 3.15151E+00	 4.00000E+00	 3.44209E+00	 2.74156E+00	 5.94263E+00	 6.82057E+00	 3.05333E+00	 3.11319E+00	 3.19531E+00	 3.17917E+00	 3.19941E+00	 6.67082E+00	 6.17815E+00	 3.02783E+00	 4.54252E+00	 6.49908E+00	 2.75000E+00
 2.96459E+00	 3.44941E+00	 4.14864E+00	 2.56926E+00	 4.36939E+00	 7.77783E+00	 6.28716E+00	 2.50000E+00	 2.21669E+00	 2.43776E+00	 4.16371E+00	 5.81136E+00	 8.00000E+00	 6.75000E+00	 3.48359E+00	 3.24477E+00	 2.98611E+00	 1.69219E+00	 2.43439E+00	 2.92130E+00	 2.20738E+00	 2.60250E+00	 3.85434E+00	 7.60118E+00	 4.49116E+00	 8.02126E+00	 1.07807E+01	 2.86029E+01	 1.80835E+01	 2.09602E+01	 2.38387E+01	 2.03548E+01	 3.76041E+01	 1.64193E+01	 4.93439E+00	 2.22047E+00	 2.77039E+00	 3.44095E+00	 4.40445E+00	 4.35189E+00	 2.25000E+00	 3.24037E+00	 4.09994E+00	 2.00000E+00	 2.99578E+00	 3.44046E+00	 1.97432E+00	 3.09288E+00	 5.26328E+00	 7.85162E+00	 3.06378E+00	 1.71717E+00	 2.38194E+00	 2.00000E+00	 2.47430E+00	 2.38680E+00	 1.98716E+00	 3.62736E+00	 5.23499E+00	 4.10335E+00	 1.69217E+00
 4.46146E+00	 3.19209E+00	 3.59179E+00	 2.96716E+00	 4.85697E+00	 5.37412E+00	 4.25000E+00	 1.47752E+00	 2.19103E+00	 3.31551E+00	 3.11481E+00	 5.84346E+00	 4.32898E+00	 4.69142E+00	 6.60966E+00	 5.91271E+00	 4.86112E+00	 4.45923E+00	 2.50000E+00	 3.71059E+00	 2.20405E+00	 1.97432E+00	 3.98359E+00	 4.89279E+00	 4.12846E+00	 8.12264E+00	 2.77755E+01	 6.01987E+01	 2.85374E+01	 2.35023E+01	 1.31627E+01	 2.24703E+01	 6.60843E+01	 5.25097E+01	 8.76305E+00	 2.96787E+00	 3.69103E+00	 4.02822E+00	 2.29252E+00	 3.25000E+00	 3.35721E+00	 3.00000E+00	 3.50544E+00	 2.35136E+00	 2.60823E+00	 3.35236E+00	 1.89665E+00	 1.82203E+00	 2.21148E+00	 3.17797E+00	 2.48359E+00	 1.48074E+00	 1.24358E+00	 1.48686E+00	 2.48687E+00	 2.63205E+00	 2.13205E+00	 3.69092E+00	 5.01762E+00	 6.01818E+00	 6.64843E+00
 2.48030E+00	 1.83896E+00	 3.43104E+00	 3.72874E+00	 4.30847E+00	 1.69092E+00	 1.77574E+00	 2.94531E+00	 2.51411E+00	 2.80552E+00	 2.01411E+00	 3.91664E+00	 5.60630E+00	 6.31136E+00	 2.17540E+01	 1.06710E+01	 6.90900E+00	 4.16129E+00	 3.00253E+00	 6.64975E+00	 3.32461E+00	 2.50000E+00	 2.72932E+00	 5.55660E+00	 3.96791E+00	 1.05564E+01	 3.27661E+01	 4.98574E+01	 1.28313E+01	 1.34998E+01	 1.19575E+01	 7.77933E+00	 1.97878E+01	 1.56047E+01	 6.83871E+00	 1.16838E+01	 1.04084E+01	 3.13428E+00	 3.68147E+00	 2.48782E+00	 2.25000E+00	 1.50000E+00	 2.59670E+00	 2.22430E+00	 2.64243E+00	 2.23394E+00	 2.50844E+00	 3.08896E+00	 2.20738E+00	 2.23394E+00	 1.81681E+00	 2.42125E+00	 2.25000E+00	 1.89682E+00	 2.37412E+00	 3.76813E+00	 2.25000E+00	 2.20500E+00	 3.00000E+00	 3.69429E+00	 4.20018E+00
 4.82376E+00	 5.57376E+00	 5.16498E+00	 5.20163E+00	 3.00000E+00	 2.05012E+00	 3.75000E+00	 3.84648E+00	 4.88888E+00	 6.83629E+00	 4.63482E+00	 5.70898E+00	 1.02247E+01	 5.75881E+00	 3.55484E+01	 1.50432E+01	 6.19756E+00	 5.00135E+00	 1.75787E+01	 1.11115E+01	 6.58321E+00	 3.17767E+00	 2.96716E+00	 2.88644E+00	 7.88910E+00	 1.87878E+01	 2.61827E+01	 3.04913E+01	 1.63920E+01	 1.33694E+01	 2.93022E+01	 1.59982E+01	 6.98350E+00	 5.97932E+00	 6.34179E+00	 1.41853E+01	 1.22952E+01	 7.12213E+00	 2.87736E+00	 2.87213E+00	 2.61899E+00	 1.98359E+00	 3.82406E+00	 5.90541E+00	 4.93358E+00	 3.65204E+00	 2.64513E+00	 2.70185E+00	 2.33508E+00	 2.33699E+00	 2.22462E+00	 2.55469E+00	 2.36939E+00	 1.73716E+00	 2.72375E+00	 3.57602E+00	 2.00000E+00	 2.13505E+00	 4.47293E+00	 2.68108E+00	 3.28068E+00
 6.31642E+00	 4.13754E+00	 3.61246E+00	 3.69103E+00	 3.46147E+00	 1.72703E+00	 5.75000E+00	 4.60487E+00	 5.47224E+00	 1.09578E+01	 1.54180E+01	 6.06166E+00	 7.69450E+00	 7.29728E+00	 1.96463E+01	 5.00031E+00	 3.92132E+00	 8.95042E+00	 2.13871E+01	 2.10425E+01	 5.65841E+00	 1.69719E+01	 1.66390E+01	 5.40689E+00	 8.91129E+00	 2.21011E+01	 1.32984E+01	 1.01843E+01	 7.88710E+00	 1.01862E+01	 3.36795E+01	 2.28529E+01	 7.70572E+00	 5.08871E+00	 5.31593E+00	 8.02411E+00	 6.44263E+00	 6.50000E+00	 3.10487E+00	 3.17873E+00	 1.16325E+00	 2.04502E+00	 3.18577E+00	 3.79179E+00	 1.97432E+00	 3.56308E+00	 2.00000E+00	 2.21789E+00	 3.13761E+00	 2.16641E+00	 2.00000E+00	 2.05791E+00	 1.60318E+00	 2.41325E+00	 3.88910E+00	 3.50000E+00	 2.19750E+00	 3.92273E+00	 4.69430E+00	 5.13442E+00	 2.38433E+00
 9.08410E+00	 8.69688E+00	 1.50000E+00	 5.04252E+00	 7.07813E+00	 3.46061E+00	 4.08154E+00	 9.42548E+00	 3.85880E+01	 3.38336E+01	 1.45352E+01	 1.42448E+01	 4.38345E+00	 1.02163E+01	 1.49504E+01	 3.92172E+00	 3.60542E+00	 3.23589E+00	 3.08871E+00	 2.11290E+00	 5.96717E+00	 8.19078E+01	 9.41132E+01	 1.31115E+01	 4.84031E+00	 2.07581E+01	 1.16623E+01	 4.68123E+00	 7.12058E+00	 1.41530E+01	 3.79671E+01	 2.53333E+01	 8.41129E+00	 4.00031E+00	 7.70113E+00	 6.41134E+00	 5.56681E+00	 6.41475E+00	 3.50000E+00	 1.68089E+00	 7.33399E+02	 6.69592E+00	 9.17690E+00	 5.18548E+00	 3.13385E+00	 3.67594E+00	 5.68880E+00	 5.20777E+00	 3.53353E+00	 4.58051E+00	 2.04025E+00	 2.71059E+00	 2.39864E+00	 2.70498E+00	 4.51433E+00	 2.63385E+00	 1.84346E+00	 3.37615E+00	 3.15006E+00	 3.25000E+00	 9.56114E+00
 6.95990E+00	 4.02574E+00	 2.32203E+00	 5.22752E+00	 5.32258E+00	 5.12845E+00	 3.95323E+01	 4.28283E+01	 4.54863E+01	 5.67549E+01	 4.39803E+01	 1.68582E+01	 6.05440E+00	 1.88506E+01	 2.45548E+01	 1.17219E+01	 4.38119E+00	 4.12412E+00	 4.76970E+00	 2.76653E+00	 4.57452E+00	 1.17736E+01	 1.74397E+01	 5.72757E+00	 4.96961E+00	 1.62903E+01	 1.14591E+01	 6.58729E+00	 7.23187E+00	 7.56730E+00	 2.32515E+01	 1.00561E+01	 5.51613E+00	 5.91271E+00	 1.06319E+01	 5.25000E+00	 1.20001E+01	 4.80904E+00	 4.00000E+00	 4.35787E+00	 4.43886E+00	 2.70821E+00	 3.50000E+00	 3.13061E+00	 3.24527E+00	 4.81422E+00	 1.99236E+01	 1.53887E+01	 5.58508E+00	 3.48782E+00	 2.95183E+00	 3.16142E+00	 3.59311E+00	 2.51813E+00	 3.68675E+00	 4.35757E+00	 3.00127E+00	 2.84269E+00	 5.19085E+00	 8.43635E+00	 1.43949E+01
 3.88563E+00	 3.32626E+00	 4.16498E+00	 2.41751E+00	 4.16498E+00	 4.91118E+00	 2.50567E+01	 2.32878E+01	 1.21858E+01	 2.00885E+01	 1.35291E+01	 9.96791E+00	 7.25000E+00	 7.70498E+00	 9.49253E+00	 6.09844E+00	 4.48425E+00	 7.36791E+00	 1.11666E+01	 9.12058E+00	 7.36881E+00	 1.01513E+01	 7.67667E+00	 1.45961E+01	 5.03256E+01	 3.12878E+01	 7.87736E+00	 2.50000E+00	 5.62264E+00	 5.99319E+00	 1.23066E+01	 7.73229E+00	 6.13710E+00	 3.47048E+00	 4.70898E+00	 8.53780E+00	 1.16557E+01	 9.81303E+00	 1.41259E+01	 7.75000E+00	 3.09796E+00	 2.36791E+00	 2.31681E+00	 2.00000E+00	 2.22432E+00	 2.07984E+00	 6.20689E+00	 9.01768E+00	 7.58376E+00	 4.21059E+00	 7.31385E+00	 3.19652E+00	 2.96059E+00	 5.03957E+00	 5.59204E+00	 3.71669E+00	 3.93864E+00	 4.58574E+00	 8.79077E+00	 1.83794E+01	 1.53377E+01
 3.36869E+00	 2.88754E+00	 5.03353E+00	 3.67398E+00	 3.51097E+00	 1.96065E+00	 1.85280E+00	 5.75354E+00	 1.19262E+01	 4.38587E+01	 5.79107E+01	 2.04094E+01	 5.34739E+00	 4.35632E+00	 5.55312E+00	 6.08376E+00	 7.42534E+00	 8.49992E+00	 1.11710E+01	 1.10333E+01	 1.95242E+01	 2.29954E+01	 3.47182E+01	 3.28529E+01	 6.37597E+01	 4.25323E+01	 1.61839E+01	 4.94448E+00	 6.05012E+00	 7.45018E+00	 1.68174E+01	 6.75008E+00	 4.50000E+00	 2.75000E+00	 3.40712E+00	 4.75000E+00	 5.63093E+00	 2.04841E+01	 5.32597E+01	 4.12061E+01	 1.13710E+01	 4.00844E+00	 2.94209E+00	 2.86246E+00	 2.75000E+00	 3.25000E+00	 3.13439E+00	 4.23187E+00	 4.01047E+00	 3.94084E+00	 4.39750E+00	 3.87412E+00	 5.37874E+00	 5.03938E+00	 4.65689E+00	 2.30379E+00	 6.64358E+00	 2.61029E+01	 2.85152E+01	 2.11965E+01	 1.71757E+01
 3.64500E+00	 4.35250E+00	 3.98347E+00	 4.99174E+00	 4.51418E+00	 3.15741E+00	 2.19103E+00	 4.39183E+00	 1.24663E+01	 2.31570E+01	 3.26498E+01	 1.71746E+01	 6.97692E+00	 4.43692E+00	 3.96961E+00	 3.08636E+00	 4.46545E+00	 5.45777E+00	 5.25000E+00	 1.23130E+01	 3.52014E+01	 3.20517E+01	 2.64295E+01	 3.30698E+01	 7.10641E+01	 4.17102E+01	 1.09194E+01	 3.11615E+00	 2.25000E+00	 2.66948E+00	 3.09346E+00	 2.90167E+00	 3.60462E+00	 2.75000E+00	 2.90037E+00	 3.65841E+00	 2.00000E+00	 8.37970E+00	 3.45895E+01	 4.28513E+01	 1.54752E+01	 2.87059E+00	 3.92918E+00	 3.90821E+00	 2.58525E+00	 4.17102E+00	 4.02243E+00	 4.50000E+00	 2.88761E+00	 5.45170E+00	 4.50000E+00	 5.00000E+00	 4.41364E+00	 3.89665E+00	 4.68489E+00	 3.83594E+00	 9.86615E+00	 2.57955E+01	 4.24719E+01	 2.99516E+01	 1.94504E+01
 3.25000E+00	 3.21146E+00	 3.73686E+00	 3.94103E+00	 1.61320E+00	 1.90156E+00	 2.37146E+00	 4.83020E+00	 1.16802E+01	 1.18990E+01	 2.74919E+01	 2.59070E+01	 8.99293E+00	 2.75000E+00	 2.32308E+00	 2.30324E+00	 4.75104E+00	 2.10859E+00	 3.68240E+00	 4.83249E+00	 5.52243E+00	 3.47081E+00	 3.12087E+00	 5.67102E+00	 2.46959E+01	 1.99341E+01	 4.25000E+00	 3.19222E+00	 2.86231E+00	 2.93864E+00	 4.00000E+00	 4.11899E+00	 5.75947E+00	 8.93499E+00	 4.42475E+00	 2.48030E+00	 3.35250E+00	 2.71059E+00	 5.36246E+00	 1.26111E+01	 9.05897E+00	 6.60318E+00	 5.30791E+00	 4.94688E+00	 3.88362E+00	 4.72047E+00	 3.42285E+00	 3.63417E+00	 3.08882E+00	 4.77289E+00	 2.83328E+00	 5.49055E+00	 6.21731E+00	 5.71220E+00	 7.70777E+00	 4.19168E+00	 6.69592E+00	 1.16241E+01	 2.76100E+01	 3.76795E+01	 2.34088E+01
 4.42271E+00	 3.30016E+00	 1.97432E+00	 1.93240E+00	 1.88195E+00	 2.63362E+00	 2.47111E+00	 4.09696E+00	 9.64566E+00	 1.59669E+01	 1.40078E+01	 9.83729E+00	 3.86907E+00	 2.38189E+00	 2.19750E+00	 1.93577E+00	 2.50000E+00	 3.52419E+00	 6.41301E+00	 8.50000E+00	 5.02126E+00	 2.75000E+00	 3.58729E+00	 2.89163E+00	 3.35434E+00	 3.43358E+00	 3.34179E+00	 1.71060E+00	 3.88983E+00	 5.06308E+00	 5.53804E+00	 5.15841E+00	 5.11663E+00	 7.11579E+00	 8.64534E+00	 3.15874E+00	 2.60818E+00	 2.87352E+00	 2.96459E+00	 6.95689E+00	 9.72067E+00	 7.41271E+00	 5.25642E+00	 5.00127E+00	 5.75963E+00	 5.32543E+00	 4.80954E+00	 4.45176E+00	 5.31244E+00	 8.30085E+00	 9.10418E+00	 4.89714E+00	 8.36781E+00	 4.01702E+00	 3.36056E+00	 5.77272E+00	 9.21825E+00	 1.26082E+01	 4.61929E+01	 4.47122E+01	 2.50000E+01
 4.84994E+00	 3.93240E+00	 2.41166E+00	 1.72373E+00	 2.93615E+00	 2.85335E+00	 2.41166E+00	 2.88184E+00	 3.56030E+00	 5.50000E+00	 7.60135E+00	 7.66554E+00	 6.91554E+00	 3.89183E+00	 2.17285E+00	 3.09571E+00	 3.63739E+00	 4.75000E+00	 5.41498E+00	 6.33896E+00	 2.86246E+00	 3.45500E+00	 3.06437E+00	 1.98716E+00	 1.74343E+00	 2.47108E+00	 2.00000E+00	 2.87913E+00	 3.50000E+00	 1.80012E+00	 2.23074E+00	 2.34571E+00	 1.92470E+00	 3.11246E+00	 4.15615E+00	 2.04077E+00	 2.65330E+00	 3.65330E+00	 5.50000E+00	 1.12589E+01	 1.64948E+01	 1.78159E+01	 1.25189E+01	 8.04158E+00	 5.92131E+00	 4.70043E+00	 3.59844E+00	 2.62552E+00	 4.98782E+00	 4.83020E+00	 6.29331E+00	 3.42815E+00	 2.32984E+00	 2.19287E+00	 3.67784E+00	 4.34670E+00	 4.83738E+00	 1.16274E+01	 4.57367E+01	 4.53734E+01	 3.11694E+01
 3.95135E+00	 4.89945E+00	 2.75000E+00	 2.06114E+00	 2.91641E+00	 2.23074E+00	 1.84288E+00	 1.47047E+00	 2.44667E+00	 2.94667E+00	 3.33933E+00	 3.35642E+00	 5.88680E+00	 5.06551E+00	 2.63888E+00	 5.02776E+00	 1.03806E+01	 1.06827E+01	 1.06028E+01	 9.75000E+00	 5.17784E+00	 2.65330E+00	 1.75000E+00	 1.75000E+00	 1.37588E+00	 2.63238E+00	 1.65304E+00	 1.53804E+00	 2.89587E+00	 2.49015E+00	 2.23030E+00	 1.66475E+00	 2.49527E+00	 2.25000E+00	 4.63205E+00	 8.48953E+00	 7.50417E+00	 4.09259E+00	 4.35189E+00	 3.51122E+00	 1.22394E+01	 1.50813E+01	 7.82441E+00	 3.31911E+00	 2.46392E+00	 2.31378E+00	 1.40821E+00	 1.48716E+00	 2.06423E+00	 1.99037E+00	 2.37765E+00	 2.16475E+00	 1.50000E+00	 1.97111E+00	 2.46394E+00	 3.59644E+00	 5.11875E+00	 8.12235E+00	 3.51494E+01	 4.42911E+01	 2.35217E+01
 5.36104E+00	 6.98980E+00	 9.69847E+00	 3.89538E+00	 2.85462E+00	 1.87213E+00	 2.25530E+00	 1.62942E+00	 1.46465E+00	 3.42470E+00	 3.17470E+00	 4.11481E+00	 1.73359E+00	 1.90189E+00	 4.72217E+00	 3.84269E+00	 5.33699E+00	 1.19929E+01	 2.94519E+01	 2.69189E+01	 7.60434E+00	 3.13680E+00	 2.88514E+00	 3.69440E+00	 3.02829E+00	 3.10279E+00	 3.13417E+00	 2.38563E+00	 2.06658E+00	 2.06658E+00	 1.75000E+00	 2.65167E+00	 2.75000E+00	 3.14714E+00	 5.25947E+00	 2.11959E+01	 2.37876E+01	 8.88061E+00	 5.00000E+00	 5.76132E+02	 5.26955E+02	 4.40615E+00	 4.16927E+00	 3.63417E+00	 3.08738E+00	 2.94310E+00	 2.25000E+00	 1.21147E+00	 1.69222E+00	 3.42917E+00	 4.32066E+00	 4.75886E+00	 4.16624E+00	 5.77778E+00	 1.02010E+01	 1.26548E+01	 9.51519E+00	 7.05915E+00	 9.64626E+00	 1.30771E+01	 6.39213E+00
 1.04878E+01	 1.26557E+01	 8.83321E+00	 5.68697E+00	 2.25000E+00	 2.62772E+00	 3.49343E+00	 3.00000E+00	 2.96143E+00	 3.77248E+00	 3.43433E+00	 2.89665E+00	 1.23030E+00	 3.25000E+00	 2.75000E+00	 2.44750E+00	 3.97047E+00	 8.20868E+00	 1.01793E+01	 7.82139E+00	 5.73878E+00	 3.93434E+00	 3.70410E+00	 7.32066E+00	 8.05176E+00	 7.38680E+00	 3.73359E+00	 4.73394E+00	 3.00000E+00	 3.18573E+00	 3.61294E+00	 5.09844E+00	 5.58856E+00	 4.35332E+00	 9.34963E+00	 3.88437E+01	 4.71722E+01	 1.36216E+01	 5.27419E+00	 5.50000E+00	 6.34240E+00	 4.84132E+00	 4.17667E+00	 4.27243E+00	 1.25000E+00	 1.86141E+00	 3.31224E+00	 3.46059E+00	 4.94418E+00	 1.45332E+01	 1.72101E+01	 1.24352E+01	 7.15392E+00	 1.30796E+01	 1.66854E+01	 1.37308E+01	 5.91750E+00	 5.07538E+00	 4.81452E+00	 5.90226E+00	 8.08757E+00
 7.75253E+00	 7.52122E+00	 5.74319E+00	 4.88888E+00	 6.38888E+00	 3.18577E+00	 3.46057E+00	 5.10745E+00	 7.19505E+00	 7.31926E+00	 6.57432E+00	 4.75000E+00	 1.98716E+00	 1.41142E+00	 2.25000E+00	 2.18563E+00	 2.44217E+00	 2.93108E+00	 3.47045E+00	 3.69756E+00	 2.69756E+00	 3.05318E+00	 2.68434E+00	 4.62903E+00	 4.96774E+00	 3.07184E+00	 4.59696E+00	 5.73878E+00	 4.47108E+00	 3.47224E+00	 4.13769E+00	 6.44957E+00	 1.01177E+01	 1.39316E+01	 1.67677E+01	 2.53866E+01	 1.68301E+01	 1.18933E+01	 8.56030E+00	 9.45568E+00	 2.34034E+01	 2.94164E+01	 9.65339E+00	 3.79982E+00	 3.12352E+00	 6.69433E+00	 1.23507E+01	 7.04942E+00	 6.80646E+00	 1.65648E+01	 1.94493E+01	 8.78943E+00	 5.46998E+00	 1.73582E+01	 2.31746E+01	 1.45242E+01	 6.95083E+00	 5.46284E+00	 8.13706E+00	 9.48985E+00	 1.02500E+01
 7.04076E+00	 5.00000E+00	 3.05916E+00	 5.41710E+00	 7.04076E+00	 7.22217E+00	 5.70377E+00	 8.64183E+00	 1.14864E+01	 2.03294E+01	 1.73145E+01	 4.45170E+00	 2.69747E+00	 1.85593E+00	 2.52508E+00	 3.38754E+00	 2.27492E+00	 3.37126E+00	 3.68439E+00	 3.41166E+00	 3.25000E+00	 3.54331E+00	 2.63189E+00	 3.45513E+00	 4.79324E+00	 4.71731E+00	 9.00418E+00	 2.21333E+01	 1.65893E+01	 8.16129E+00	 4.94448E+00	 5.93573E+00	 1.07889E+01	 1.10947E+01	 1.31582E+01	 8.04132E+00	 5.58871E+00	 1.23065E+01	 9.39358E+00	 7.33960E+00	 4.15887E+01	 7.42614E+01	 2.35875E+01	 3.43433E+00	 4.07984E+00	 6.07356E+00	 5.58410E+00	 6.63281E+00	 6.02769E+00	 8.69095E+00	 6.69939E+00	 5.32163E+00	 7.13880E+00	 1.30980E+01	 1.02831E+01	 7.86614E+00	 7.12588E+00	 4.38417E+00	 4.97806E+00	 5.57626E+00	 8.50000E+00
 5.45043E+00	 2.43123E+00	 6.32209E+00	 6.22824E+00	 1.13161E+01	 1.66097E+01	 1.21415E+01	 1.21587E+01	 2.08209E+01	 2.68761E+01	 6.68797E+00	 2.69860E+00	 2.05012E+00	 2.34542E+00	 1.89279E+00	 2.56136E+00	 2.91325E+00	 3.08052E+00	 1.49015E+00	 2.24969E+00	 4.68431E+00	 7.42320E+00	 4.55318E+00	 3.21065E+00	 4.82705E+00	 8.53259E+00	 1.80820E+01	 3.08888E+01	 2.59218E+01	 1.16269E+01	 5.38983E+00	 5.16751E+00	 6.17275E+00	 7.42082E+00	 3.41233E+00	 6.08871E+00	 7.84132E+00	 3.94296E+00	 4.19295E+00	 6.78068E+00	 2.55709E+01	 4.74671E+01	 1.48103E+01	 3.07333E+00	 3.53854E+00	 4.15167E+00	 5.57729E+00	 5.88983E+00	 4.95897E+00	 4.15167E+00	 4.20402E+00	 6.34235E+00	 3.12984E+01	 6.92734E+01	 4.49788E+01	 8.27360E+00	 5.67815E+00	 3.62154E+00	 2.64665E+00	 4.08834E+00	 5.79440E+00
 4.35236E+00	 3.21061E+00	 4.67918E+00	 9.83738E+00	 1.11463E+01	 1.04952E+01	 2.66320E+01	 1.92219E+01	 1.41694E+01	 5.09542E+00	 3.43123E+00	 4.36869E+00	 4.60817E+00	 3.66067E+00	 3.80149E+00	 2.35642E+00	 1.66325E+00	 1.25000E+00	 1.59288E+00	 2.63189E+00	 4.62756E+00	 4.97181E+00	 3.53716E+00	 3.54917E+00	 3.60569E+00	 1.36956E+01	 1.95657E+01	 1.86688E+01	 3.24214E+01	 1.25802E+01	 5.69434E+00	 2.84259E+00	 2.67797E+00	 2.60630E+00	 1.14003E+01	 1.39405E+01	 7.44916E+00	 4.49219E+00	 4.23757E+00	 5.85745E+00	 3.07984E+00	 3.18045E+00	 1.85280E+00	 4.63472E+00	 5.08574E+00	 6.34696E+00	 6.02050E+00	 7.80547E+00	 6.38563E+00	 4.88519E+00	 7.02039E+00	 4.20559E+00	 1.10635E+01	 2.12547E+01	 3.29199E+01	 3.43345E+01	 1.48971E+01	 1.42221E+01	 5.88880E+00	 2.50000E+00	 5.14358E+00
 2.38294E+00	 2.91364E+00	 2.71787E+00	 6.92640E+00	 1.52292E+01	 9.33872E+00	 1.34058E+01	 1.44720E+01	 1.17500E+01	 7.76367E+00	 7.44433E+00	 1.30276E+01	 1.16662E+01	 8.14968E+00	 1.03681E+01	 6.69434E+00	 6.84634E+00	 7.72299E+00	 4.99083E+00	 3.85697E+00	 2.82308E+00	 4.61899E+00	 2.86899E+00	 6.20259E+00	 1.70802E+01	 1.21667E+01	 1.38309E+01	 8.70826E+00	 1.43595E+01	 7.25625E+00	 3.39358E+00	 4.25642E+00	 5.33767E+00	 3.00000E+00	 3.45498E+00	 5.97217E+00	 4.56625E+00	 5.00000E+00	 2.87231E+00	 2.61231E+00	 5.28627E+00	 4.43578E+00	 3.61246E+00	 1.07546E+01	 6.17001E+00	 6.58249E+00	 6.42132E+00	 5.38195E+00	 7.03426E+00	 7.24425E+00	 1.15264E+01	 1.62958E+01	 1.20936E+01	 5.79077E+00	 1.85981E+01	 2.68622E+01	 1.48828E+01	 1.68098E+01	 1.51038E+01	 2.22703E+00	 1.97874E+00
 2.75000E+00	 3.77419E+00	 2.98903E+00	 3.71789E+00	 6.08716E+00	 2.52759E+01	 2.33642E+01	 1.13597E+01	 6.05859E+00	 5.52538E+00	 5.25000E+00	 6.31030E+00	 6.10236E+00	 9.14063E+00	 4.88362E+00	 6.29077E+00	 7.21626E+00	 1.20046E+01	 1.44647E+01	 1.48918E+01	 1.03477E+01	 9.04010E+00	 5.05324E+00	 6.56832E+00	 1.31617E+01	 1.14112E+01	 5.42373E+00	 2.15841E+00	 4.94926E+00	 6.52753E+00	 9.06365E+00	 5.19134E+00	 7.84876E+00	 6.24398E+00	 3.87037E+00	 4.92275E+00	 3.88710E+00	 3.13417E+00	 2.14513E+00	 2.93342E+00	 3.13101E+00	 2.98524E+00	 3.18615E+00	 9.41541E+00	 8.54033E+00	 5.55318E+00	 7.26395E+00	 7.86246E+00	 4.25000E+00	 1.00630E+01	 2.02335E+01	 3.52500E+01	 1.93359E+01	 5.14417E+00	 4.76433E+00	 6.79839E+00	 7.93045E+00	 8.80617E+00	 9.22637E+00	 3.50000E+00	 3.40977E+00
 2.27038E+00	 3.04721E+00	 3.80897E+00	 2.44756E+00	 3.93434E+00	 1.07656E+01	 1.91109E+01	 1.75708E+01	 2.18873E+01	 8.94325E+00	 5.67247E+00	 3.08249E+00	 2.68495E+00	 4.22373E+00	 7.23114E+00	 6.38205E+00	 5.26433E+00	 3.20176E+00	 2.46716E+00	 3.22383E+00	 2.00000E+00	 3.30333E+00	 4.75417E+00	 5.52052E+00	 7.72596E+00	 9.19595E+00	 5.22433E+00	 8.85199E+00	 1.42888E+01	 2.01070E+01	 2.95776E+01	 3.58923E+01	 1.78284E+01	 2.21123E+01	 1.16740E+01	 1.06627E+01	 6.38880E+00	 4.20568E+00	 4.42496E+00	 4.76214E+00	 4.81642E+00	 4.60599E+00	 3.73953E+00	 2.74398E+00	 8.92270E+00	 7.62269E+00	 7.77289E+00	 8.70826E+00	 6.59648E+00	 4.63249E+00	 1.26895E+01	 2.27472E+01	 1.84150E+01	 7.98335E+00	 4.59923E+00	 5.21545E+00	 3.58122E+00	 3.95176E+00	 2.71459E+00	 2.29331E+00	 3.00000E+00
 2.25000E+00	 2.76971E+00	 2.22522E+00	 2.47375E+00	 2.66818E+00	 1.90167E+00	 4.40558E+00	 5.21959E+00	 1.90750E+01	 1.13817E+01	 8.16027E+00	 2.99353E+00	 4.48074E+00	 4.09963E+00	 5.27052E+00	 7.83675E+00	 3.13859E+00	 3.72932E+00	 2.17285E+00	 3.00000E+00	 2.49425E+00	 4.16104E+00	 7.15406E+00	 4.06713E+00	 2.25000E+00	 5.52807E+00	 3.00000E+00	 2.78002E+00	 3.56325E+00	 1.00977E+01	 1.28552E+01	 2.30801E+01	 2.12072E+01	 1.61755E+01	 8.88706E+00	 1.92294E+01	 1.70323E+01	 2.22894E+01	 1.51290E+01	 8.92387E+00	 6.57921E+00	 1.27719E+01	 6.15151E+00	 4.32406E+00	 7.70629E+00	 6.93535E+00	 4.61437E+00	 3.92122E+00	 4.42271E+00	 6.05537E+00	 7.48851E+00	 9.48953E+00	 4.02966E+00	 5.47521E+00	 4.34796E+00	 4.62213E+00	 9.54223E+00	 3.76835E+00	 3.49823E+00	 2.18886E+00	 1.75000E+00
 1.44621E+00	 2.00000E+00	 3.86231E+00	 3.65458E+00	 4.75000E+00	 5.84772E+00	 8.72454E+00	 6.69433E+00	 1.04718E+01	 7.14213E+00	 3.64864E+00	 2.20405E+00	 2.87552E+00	 1.92285E+00	 2.13205E+00	 3.81365E+00	 5.65261E+00	 6.03039E+00	 3.22217E+00	 3.80244E+00	 2.40167E+00	 1.63101E+00	 5.25354E+00	 4.34811E+00	 2.57308E+00	 2.61320E+00	 1.80690E+00	 3.46787E+00	 3.03788E+00	 2.56877E+00	 3.55333E+00	 4.81877E+00	 2.90360E+00	 2.44448E+00	 2.91793E+00	 1.23798E+01	 1.63743E+01	 2.91085E+01	 1.01940E+01	 4.45968E+00	 1.19934E+01	 1.58605E+01	 8.15515E+00	 4.87385E+00	 5.78917E+00	 5.76589E+00	 5.47596E+00	 5.18538E+00	 4.46061E+00	 7.55750E+00	 1.12209E+01	 7.30570E+00	 2.41281E+00	 5.95868E+00	 9.66672E+00	 1.26452E+01	 2.98615E+01	 9.45748E+00	 4.77039E+00	 3.99343E+00	 2.08249E+00
 3.16166E+00	 2.59204E+00	 3.41104E+00	 4.51818E+00	 4.58896E+00	 7.74770E+00	 6.64370E+00	 8.24174E+00	 9.97581E+00	 7.88903E+00	 7.34555E+00	 7.00991E+00	 3.11879E+00	 2.87228E+00	 2.60279E+00	 1.98687E+00	 4.73716E+00	 7.31378E+00	 4.61437E+00	 4.61842E+00	 4.51771E+00	 3.89358E+00	 2.75000E+00	 3.03390E+00	 3.72703E+00	 5.00524E+00	 4.25177E+00	 3.55704E+00	 1.21787E+00	 1.50000E+00	 1.48716E+00	 5.44141E+00	 2.64358E+00	 6.22970E+00	 1.29183E+01	 1.76002E+01	 1.78225E+01	 1.91279E+01	 1.27500E+01	 7.97194E+00	 4.69957E+01	 2.73900E+01	 4.19281E+00	 4.80469E+00	 4.55954E+00	 3.68886E+00	 6.01818E+00	 7.11614E+00	 3.32185E+00	 9.04958E+00	 5.45664E+00	 3.95990E+00	 1.61791E+00	 4.57705E+00	 4.44434E+00	 8.03327E+00	 1.37551E+01	 6.93563E+00	 6.15330E+00	 2.48229E+00	 3.03627E+00
 6.45313E+00	 4.60859E+00	 5.16325E+00	 4.65424E+00	 5.37941E+00	 4.87615E+00	 3.52784E+00	 2.48716E+00	 3.92594E+00	 4.53213E+00	 6.67873E+00	 1.14141E+01	 2.62059E+00	 2.00000E+00	 2.23782E+00	 3.26861E+00	 4.09542E+00	 3.72216E+00	 4.22224E+00	 3.12126E+00	 4.52308E+00	 2.75177E+00	 1.75000E+00	 3.19750E+00	 1.98029E+00	 5.65167E+00	 5.42784E+00	 2.73031E+00	 1.46465E+00	 2.47375E+00	 4.42530E+00	 9.53178E+00	 9.21198E+00	 9.76666E+00	 1.54919E+01	 1.67437E+01	 2.55891E+01	 1.58585E+01	 8.18270E+00	 6.10052E+00	 2.42492E+01	 1.87462E+01	 7.70385E+00	 4.50000E+00	 3.05690E+00	 2.10335E+00	 3.77718E+00	 5.91144E+00	 5.10335E+00	 6.87264E+00	 3.96465E+00	 4.58960E+00	 3.09561E+00	 6.04502E+00	 5.25000E+00	 1.00130E+01	 1.01293E+01	 3.94531E+00	 5.88164E+00	 3.45738E+00	 3.60835E+00
 8.08810E+00	 6.87412E+00	 5.39714E+00	 5.23757E+00	 6.19592E+00	 7.43911E+00	 3.12913E+00	 3.51769E+00	 4.20923E+00	 3.61510E+00	 6.57452E+00	 9.13597E+00	 8.34923E+00	 3.82626E+00	 2.35318E+00	 2.48430E+00	 7.14141E+00	 4.18519E+00	 3.30905E+00	 3.47581E+00	 3.56780E+00	 3.67797E+00	 2.37765E+00	 2.52506E+00	 3.46790E+00	 8.13681E+00	 8.92539E+00	 6.91878E+00	 5.31378E+00	 4.58321E+00	 6.01181E+00	 7.44014E+00	 9.05149E+00	 1.04442E+01	 1.33312E+01	 1.56278E+01	 2.02715E+01	 9.87903E+00	 4.05324E+00	 3.25000E+00	 5.26566E+00	 7.51904E+00	 2.19940E+01	 1.02293E+01	 3.97752E+00	 2.15360E+00	 3.00000E+00	 3.00000E+00	 2.50000E+00	 1.73030E+00	 2.46065E+00	 2.70272E+00	 2.66818E+00	 4.51433E+00	 2.12385E+00	 3.57602E+00	 3.37126E+00	 2.45410E+00	 4.35293E+00	 2.25000E+00	 3.35236E+00
 4.09455E+00	 3.17285E+00	 6.25000E+00	 4.65159E+00	 3.87231E+00	 6.32333E+00	 9.22874E+00	 6.25000E+00	 5.50000E+00	 2.61879E+00	 2.75000E+00	 3.21143E+00	 5.37736E+00	 4.00000E+00	 3.13362E+00	 6.11805E+00	 5.70422E+00	 4.38896E+00	 2.39566E+00	 3.95763E+00	 4.68230E+00	 4.50104E+00	 3.70402E+00	 3.25000E+00	 4.68439E+00	 3.76856E+00	 6.15558E+00	 7.86763E+00	 7.15085E+00	 1.92124E+01	 1.59417E+01	 1.63650E+01	 1.09188E+01	 6.17727E+00	 6.84901E+00	 4.65424E+00	 3.12736E+00	 2.19217E+00	 2.43563E+00	 3.26861E+00	 6.92439E+00	 2.56978E+01	 2.64313E+01	 1.13739E+01	 2.99246E+00	 1.44103E+00	 2.39177E+00	 3.06961E+00	 3.81030E+00	 2.39811E+00	 2.47874E+00	 2.23798E+00	 3.57452E+00	 5.93074E+00	 6.56303E+00	 3.21373E+00	 3.41475E+00	 4.00000E+00	 3.48074E+00	 2.45405E+00	 3.20738E+00
