//Exported ASCII-File
[Header]
FileName = C:\Users\reoml\Desktop\Mestrado\mapa raman\novas medidas\Medidas Raman - Rafael\Medidas Raman - Rafael\GO em substrato metalico (0.1 e 0.05) - Rafael.WIP
ImageName = Scan_001_Spec.Data 1_F: Min & Max -> Maximum [2830.5 rel. 1/cm -> 2998 rel. 1/cm]
PointsPerLine = 61
LinesPerImage = 61
ScanUnit = µm
ScanWidth = 30
ScanHeight = 30
ScanOriginX = 18.9759998321533
ScanOriginY = 8.75
ScanOriginZ = 0
DataUnit = CCD cts
[Data]
 7.62482E+00	 4.45293E+00	 3.00000E+00	 3.00000E+00	 2.65754E+00	 2.07281E+00	 3.25444E+00	 2.91141E+00	 2.66141E+00	 2.47645E+00	 1.96674E+00	 3.21844E+00	 2.37918E+00	 4.78958E+00	 1.64387E+00	 5.24097E+00	 3.50403E+00	 1.94398E+00	 3.68979E+00	 1.64808E+00	 2.31020E+00	 3.21126E+00	 3.95294E+00	 2.83401E+00	 4.43161E+00	 3.24945E+00	 2.61070E+00	 6.25000E+00	 4.89980E+00	 4.60218E+00	 4.10870E+00	 4.68681E+00	 3.99311E+00	 4.20312E+00	 4.05036E+00	 2.63610E+00	 6.36125E+00	 1.03768E+01	 1.15746E+01	 5.98166E+00	 3.47127E+00	 4.19879E+00	 8.03308E+00	 6.46657E+00	 5.64509E+00	 7.69800E+00	 8.71801E+00	 1.65353E+01	 1.37577E+01	 1.34725E+01	 8.59592E+00	 6.65729E+00	 3.73476E+00	 6.11002E+00	 3.43970E+00	 3.98234E+00	 2.45293E+00	 1.98194E+00	 3.82449E+00	 2.81307E+00	 4.07205E+00
 6.74556E+00	 4.53941E+00	 2.42326E+00	 4.46470E+00	 2.02323E+00	 3.25000E+00	 3.05562E+00	 3.05183E+00	 4.73058E+00	 2.75000E+00	 2.74117E+00	 4.52041E+00	 3.02160E+00	 4.84997E+00	 3.02180E+00	 3.20586E+00	 3.12186E+00	 2.91224E+00	 3.50000E+00	 3.36788E+00	 4.05182E+00	 4.39465E+00	 4.77025E+00	 4.06617E+00	 2.35940E+00	 2.99773E+00	 3.64426E+00	 4.20553E+00	 4.97959E+00	 3.86086E+00	 5.07775E+00	 2.13526E+00	 1.75746E+00	 2.14511E+00	 4.32227E+00	 5.84753E+00	 6.26940E+00	 4.49016E+00	 9.52776E+00	 8.04251E+00	 3.53730E+00	 4.85785E+00	 5.25000E+00	 5.56307E+00	 5.01806E+00	 5.18681E+00	 4.60835E+00	 5.61567E+00	 5.51225E+00	 6.80449E+00	 7.80807E+00	 6.07438E+00	 5.88919E+00	 6.30757E+00	 5.54360E+00	 3.84967E+00	 2.74398E+00	 2.57378E+00	 2.37959E+00	 2.09993E+00	 1.72292E+00
 6.66245E+00	 6.42326E+00	 5.00232E+00	 3.83748E+00	 4.33417E+00	 4.23147E+00	 3.36980E+00	 3.21091E+00	 8.97470E+00	 7.52530E+00	 2.82365E+00	 3.64954E+00	 3.30576E+00	 4.03868E+00	 2.72593E+00	 2.56470E+00	 3.41172E+00	 1.98235E+00	 2.23235E+00	 3.23283E+00	 3.57327E+00	 3.15976E+00	 2.93153E+00	 3.40569E+00	 2.46469E+00	 1.72647E+00	 4.37726E+00	 2.10640E+00	 1.67562E+00	 3.26979E+00	 4.88610E+00	 3.61631E+00	 2.15580E+00	 1.98495E+00	 2.81688E+00	 2.84029E+00	 3.54953E+00	 3.13091E+00	 4.22796E+00	 6.06247E+00	 5.92485E+00	 5.84617E+00	 3.34924E+00	 4.91570E+00	 6.54702E+00	 6.17938E+00	 5.54023E+00	 4.88914E+00	 5.90983E+00	 9.34653E+00	 8.34374E+00	 6.75082E+00	 3.66282E+00	 5.77072E+00	 2.47055E+00	 3.35150E+00	 2.21244E+00	 2.18079E+00	 2.70784E+00	 3.97940E+00	 4.59653E+00
 7.71390E+00	 7.74378E+00	 6.49581E+00	 6.55322E+00	 4.15589E+00	 4.16503E+00	 3.59595E+00	 3.71091E+00	 6.84017E+00	 7.78871E+00	 4.25000E+00	 5.19939E+00	 3.39850E+00	 3.58259E+00	 3.71714E+00	 2.81470E+00	 2.71059E+00	 3.44111E+00	 3.26471E+00	 2.95490E+00	 3.25000E+00	 1.42496E+00	 1.46692E+00	 1.17622E+00	 2.46470E+00	 2.71468E+00	 2.68970E+00	 2.58802E+00	 2.81007E+00	 4.12035E+00	 3.12854E+00	 5.42135E+00	 2.00000E+00	 2.50000E+00	 3.40569E+00	 3.43496E+00	 3.29814E+00	 4.60861E+00	 3.75602E+00	 5.37148E+00	 3.39841E+00	 2.64562E+00	 3.10785E+00	 5.12512E+00	 8.79089E+00	 4.32149E+00	 4.63691E+00	 3.60940E+00	 3.16750E+00	 4.25000E+00	 9.00000E+00	 8.16503E+00	 5.89303E+00	 8.38998E+00	 4.43078E+00	 2.52407E+00	 1.25000E+00	 2.25000E+00	 2.61474E+00	 2.00883E+00	 3.34080E+00
 3.31957E+00	 4.74556E+00	 6.50879E+00	 5.16901E+00	 6.94587E+00	 5.37873E+00	 6.53010E+00	 5.79476E+00	 4.92608E+00	 4.57332E+00	 5.00000E+00	 5.96465E+00	 3.97532E+00	 4.70491E+00	 3.86767E+00	 3.56617E+00	 4.50000E+00	 6.54713E+00	 4.55348E+00	 3.83718E+00	 2.21470E+00	 2.42937E+00	 1.98796E+00	 1.75000E+00	 2.23823E+00	 1.56688E+00	 2.69705E+00	 1.82332E+00	 2.92183E+00	 3.07205E+00	 2.77450E+00	 3.05036E+00	 2.81785E+00	 1.74798E+00	 1.72646E+00	 2.42183E+00	 3.09750E+00	 2.62254E+00	 2.83036E+00	 5.38028E+00	 3.32223E+00	 4.39755E+00	 2.89212E+00	 5.70662E+00	 8.76728E+00	 7.34761E+00	 5.18095E+00	 4.02022E+00	 4.93383E+00	 8.30766E+00	 6.77530E+00	 1.05617E+01	 8.14511E+00	 5.66934E+00	 3.15844E+00	 2.61739E+00	 2.31905E+00	 1.80307E+00	 1.75000E+00	 2.71992E+00	 2.00000E+00
 4.59017E+00	 4.86612E+00	 6.58754E+00	 7.00757E+00	 9.55114E+00	 7.16418E+00	 7.38957E+00	 6.92001E+00	 6.21675E+00	 7.74081E+00	 6.88546E+00	 6.68078E+00	 4.93306E+00	 4.80222E+00	 8.25165E+00	 9.31540E+00	 1.09790E+01	 8.87596E+00	 1.03696E+01	 8.02926E+00	 3.91073E+00	 3.97858E+00	 2.42339E+00	 2.25227E+00	 2.99799E+00	 2.86830E+00	 1.19700E+00	 2.00000E+00	 3.33834E+00	 2.23529E+00	 1.64396E+00	 3.02736E+00	 3.28792E+00	 2.50000E+00	 2.92430E+00	 3.15107E+00	 4.41160E+00	 4.58563E+00	 3.32365E+00	 3.60874E+00	 3.70491E+00	 5.98364E+00	 5.58112E+00	 7.10293E+00	 6.55890E+00	 5.33933E+00	 4.22478E+00	 3.03609E+00	 3.59060E+00	 3.68826E+00	 5.82661E+00	 9.08467E+00	 8.71356E+00	 1.04254E+01	 7.00803E+00	 3.18227E+00	 3.25000E+00	 1.70875E+00	 2.75251E+00	 2.85874E+00	 2.74097E+00
 5.43079E+00	 5.50518E+00	 6.82365E+00	 3.76252E+00	 3.87254E+00	 6.64637E+00	 9.01918E+00	 8.08421E+00	 1.01669E+01	 1.11430E+01	 1.04452E+01	 1.33689E+01	 1.06189E+01	 6.89169E+00	 6.22764E+00	 8.51728E+00	 7.39372E+00	 7.99752E+00	 7.63183E+00	 8.91137E+00	 2.00864E+00	 3.35861E+00	 2.96760E+00	 2.48495E+00	 1.63167E+00	 2.36204E+00	 3.25000E+00	 3.23796E+00	 2.75000E+00	 3.10837E+00	 2.53756E+00	 6.21044E+00	 5.25586E+00	 2.43058E+00	 4.23194E+00	 6.15405E+00	 7.57591E+00	 5.91296E+00	 6.75432E+00	 8.12254E+00	 5.52196E+00	 5.45072E+00	 6.37405E+00	 7.59783E+00	 4.63419E+00	 5.93749E+00	 2.99043E+00	 3.04907E+00	 4.60046E+00	 5.00000E+00	 5.57661E+00	 9.45093E+00	 1.07031E+01	 8.38112E+00	 8.43826E+00	 5.02530E+00	 3.08704E+00	 2.95483E+00	 2.27022E+00	 2.53612E+00	 2.64147E+00
 4.18905E+00	 4.25258E+00	 5.27592E+00	 4.69398E+00	 4.96356E+00	 4.29619E+00	 6.05183E+00	 7.45265E+00	 8.10363E+00	 8.06090E+00	 5.69861E+00	 6.67055E+00	 9.10936E+00	 9.29686E+00	 8.28947E+00	 6.77984E+00	 6.28370E+00	 8.24638E+00	 9.83069E+00	 7.67339E+00	 5.44275E+00	 3.99653E+00	 3.98502E+00	 2.53240E+00	 2.00000E+00	 1.64396E+00	 1.98193E+00	 2.92635E+00	 2.43394E+00	 2.75000E+00	 2.60870E+00	 5.25256E+00	 7.39656E+00	 5.69601E+00	 4.11235E+00	 8.25000E+00	 1.11535E+01	 1.06406E+01	 1.37033E+01	 1.37257E+01	 8.56535E+00	 5.65767E+00	 4.90486E+00	 6.75239E+00	 4.65857E+00	 3.91002E+00	 6.59993E+00	 6.74254E+00	 5.20093E+00	 5.85426E+00	 5.85426E+00	 6.75000E+00	 7.28730E+00	 6.17755E+00	 5.45751E+00	 6.24768E+00	 3.23673E+00	 3.14654E+00	 6.13481E+00	 6.65273E+00	 6.43660E+00
 2.67496E+00	 3.16432E+00	 4.23166E+00	 5.55741E+00	 5.96798E+00	 5.43284E+00	 5.83046E+00	 4.70300E+00	 6.61240E+00	 5.79675E+00	 8.79250E+00	 1.12718E+01	 8.26252E+00	 8.22612E+00	 6.01035E+00	 6.09679E+00	 8.00289E+00	 4.49501E+00	 4.59611E+00	 3.51422E+00	 4.07332E+00	 6.85277E+00	 5.12873E+00	 2.72290E+00	 2.60591E+00	 3.00000E+00	 4.71990E+00	 3.67030E+00	 3.32970E+00	 2.43984E+00	 3.36624E+00	 3.16172E+00	 5.17661E+00	 6.15980E+00	 4.87425E+00	 5.76979E+00	 9.27180E+00	 7.25000E+00	 8.43826E+00	 7.45687E+00	 5.62613E+00	 5.05703E+00	 2.70787E+00	 3.56095E+00	 3.78386E+00	 4.78871E+00	 4.51098E+00	 3.44305E+00	 2.75000E+00	 3.10640E+00	 4.16073E+00	 4.16374E+00	 4.57807E+00	 4.98630E+00	 4.24397E+00	 3.75000E+00	 3.87638E+00	 3.69703E+00	 3.07449E+00	 3.53810E+00	 5.72026E+00
 3.18153E+00	 3.55741E+00	 4.57578E+00	 4.62330E+00	 3.65580E+00	 3.75000E+00	 3.73823E+00	 4.77827E+00	 6.11824E+00	 7.27071E+00	 6.62148E+00	 6.82205E+00	 6.43227E+00	 6.33209E+00	 6.86567E+00	 4.07915E+00	 5.00864E+00	 8.21071E+00	 4.94234E+00	 4.03818E+00	 5.75000E+00	 2.92475E+00	 1.85046E+00	 3.71182E+00	 3.88811E+00	 5.88112E+00	 5.52262E+00	 4.63728E+00	 4.68560E+00	 2.68980E+00	 2.35426E+00	 1.58515E+00	 3.33534E+00	 7.71376E+00	 4.87575E+00	 3.62160E+00	 3.43312E+00	 4.75000E+00	 4.59750E+00	 5.59750E+00	 3.97940E+00	 3.46465E+00	 3.73194E+00	 2.68215E+00	 2.05562E+00	 3.23234E+00	 3.31957E+00	 2.82504E+00	 3.89562E+00	 4.14510E+00	 5.19193E+00	 5.00000E+00	 6.73910E+00	 6.02827E+00	 3.87021E+00	 3.60861E+00	 1.95791E+00	 2.33834E+00	 2.07307E+00	 2.00903E+00	 4.23147E+00
 3.55766E+00	 3.67779E+00	 4.98479E+00	 4.40007E+00	 2.96388E+00	 3.59395E+00	 4.27682E+00	 3.42135E+00	 2.15040E+00	 3.39637E+00	 5.06776E+00	 4.19861E+00	 5.88619E+00	 5.38369E+00	 4.89783E+00	 3.64184E+00	 3.53774E+00	 5.99556E+00	 7.21576E+00	 7.09527E+00	 3.44032E+00	 2.69111E+00	 4.25903E+00	 2.48517E+00	 1.99311E+00	 5.13468E+00	 3.46390E+00	 4.17226E+00	 7.21079E+00	 3.67596E+00	 2.50000E+00	 2.31138E+00	 3.54267E+00	 3.69092E+00	 4.21714E+00	 2.50302E+00	 2.31497E+00	 3.82186E+00	 3.87274E+00	 1.29247E+01	 1.70811E+01	 1.13536E+01	 5.11116E+00	 3.11751E+00	 1.69700E+00	 2.43095E+00	 3.63468E+00	 4.27818E+00	 4.26918E+00	 5.55243E+00	 6.13610E+00	 6.48147E+00	 7.65486E+00	 6.43534E+00	 5.11086E+00	 2.00000E+00	 1.67183E+00	 1.75000E+00	 2.20586E+00	 2.62984E+00	 3.16859E+00
 5.04186E+00	 4.29186E+00	 4.04809E+00	 4.36189E+00	 6.27505E+00	 5.30501E+00	 3.08467E+00	 4.26040E+00	 2.78011E+00	 4.12940E+00	 3.25000E+00	 5.85489E+00	 2.92783E+00	 3.16734E+00	 2.72532E+00	 4.29220E+00	 4.43693E+00	 3.10599E+00	 3.75000E+00	 3.08102E+00	 3.14954E+00	 3.27450E+00	 4.44117E+00	 4.66764E+00	 4.91011E+00	 5.39868E+00	 4.05420E+00	 4.51509E+00	 8.23594E+00	 5.21151E+00	 3.23222E+00	 3.19934E+00	 5.01994E+00	 7.52505E+00	 3.72511E+00	 4.89174E+00	 2.70977E+00	 4.52818E+00	 1.20793E+01	 1.78999E+01	 2.15678E+01	 8.81267E+00	 8.23458E+00	 5.13691E+00	 1.96990E+00	 2.25000E+00	 3.18048E+00	 3.33440E+00	 4.06307E+00	 4.25000E+00	 8.01492E+00	 8.77071E+00	 9.33206E+00	 5.59893E+00	 3.65107E+00	 3.78818E+00	 5.57637E+00	 3.50252E+00	 4.03719E+00	 2.97004E+00	 6.21111E+00
 3.67568E+00	 2.41518E+00	 6.78871E+00	 6.37877E+00	 7.57743E+00	 4.52849E+00	 5.55364E+00	 9.15536E+00	 7.47920E+00	 3.50451E+00	 6.18188E+00	 4.03293E+00	 4.75000E+00	 2.21387E+00	 3.43466E+00	 3.50000E+00	 2.75000E+00	 2.97290E+00	 3.20191E+00	 3.44396E+00	 4.04901E+00	 5.15569E+00	 4.57560E+00	 4.87940E+00	 5.84008E+00	 5.77158E+00	 4.27984E+00	 5.64062E+00	 5.23086E+00	 3.43826E+00	 3.25000E+00	 3.94362E+00	 3.60135E+00	 7.37416E+00	 8.85697E+00	 4.43008E+00	 4.24988E+00	 5.61002E+00	 5.22964E+00	 9.65422E+00	 1.86018E+01	 8.15928E+00	 4.99671E+00	 3.32319E+00	 1.94989E+00	 2.92187E+00	 2.84361E+00	 3.28756E+00	 2.41437E+00	 2.77867E+00	 6.31905E+00	 6.27505E+00	 6.00905E+00	 4.34395E+00	 2.72959E+00	 3.66934E+00	 6.59827E+00	 5.83005E+00	 3.19703E+00	 3.34681E+00	 9.28168E+00
 4.13619E+00	 3.72831E+00	 5.05532E+00	 4.38170E+00	 4.25000E+00	 4.63571E+00	 5.15703E+00	 6.45980E+00	 4.32570E+00	 5.91603E+00	 5.00000E+00	 1.88616E+00	 3.50000E+00	 3.25000E+00	 2.04515E+00	 2.32205E+00	 1.65404E+00	 3.19275E+00	 5.55052E+00	 5.50910E+00	 6.52710E+00	 3.85785E+00	 3.33859E+00	 4.34024E+00	 4.76466E+00	 4.32591E+00	 3.50000E+00	 4.19703E+00	 2.70191E+00	 2.29690E+00	 3.32342E+00	 3.55140E+00	 3.43458E+00	 5.88014E+00	 7.05786E+00	 6.18687E+00	 5.94275E+00	 8.34153E+00	 7.90867E+00	 7.38570E+00	 6.92055E+00	 5.71243E+00	 5.13067E+00	 1.89387E+00	 1.98193E+00	 3.25000E+00	 3.47151E+00	 1.57004E+00	 1.71760E+00	 1.75000E+00	 2.66877E+00	 1.99117E+00	 2.75883E+00	 1.81978E+00	 1.69585E+00	 1.92183E+00	 3.27845E+00	 3.84679E+00	 3.06138E+00	 5.01807E+00	 7.26207E+00
 3.52530E+00	 3.42919E+00	 5.00000E+00	 3.20787E+00	 5.67475E+00	 5.50518E+00	 3.13765E+00	 4.32817E+00	 4.00000E+00	 4.46692E+00	 3.17553E+00	 2.58500E+00	 3.30575E+00	 5.18394E+00	 3.16750E+00	 1.41074E+00	 2.09024E+00	 4.75402E+00	 3.81645E+00	 4.96079E+00	 5.66849E+00	 2.94861E+00	 2.76090E+00	 3.25000E+00	 4.12726E+00	 4.98422E+00	 5.82322E+00	 6.62385E+00	 5.15000E+00	 4.98235E+00	 3.48086E+00	 9.21116E-01	 3.58626E+00	 4.22532E+00	 4.08998E+00	 3.17622E+00	 4.72934E+00	 4.46211E+00	 6.80936E+00	 6.13515E+00	 5.48402E+00	 3.60150E+00	 3.61044E+00	 3.90970E+00	 2.90857E+00	 2.52931E+00	 3.00542E+00	 2.66750E+00	 2.56419E+00	 2.29313E+00	 1.95537E+00	 2.73495E+00	 2.65970E+00	 2.21170E+00	 2.17341E+00	 2.22940E+00	 4.57205E+00	 2.71483E+00	 2.23495E+00	 3.56030E+00	 3.64451E+00
 4.14953E+00	 3.62274E+00	 4.73234E+00	 9.07004E+00	 1.39818E+01	 1.00569E+01	 3.08704E+00	 2.63511E+00	 4.08165E+00	 4.15060E+00	 2.83250E+00	 3.85861E+00	 1.75000E+00	 3.50000E+00	 2.49945E+00	 2.19102E+00	 3.03424E+00	 3.57877E+00	 2.66160E+00	 3.39639E+00	 3.31138E+00	 5.35863E+00	 2.22350E+00	 2.25227E+00	 3.36044E+00	 4.85577E+00	 7.37718E+00	 8.78134E+00	 7.69791E+00	 7.88330E+00	 4.08088E+00	 3.93534E+00	 4.94102E+00	 4.00000E+00	 2.56978E+00	 5.00000E+00	 3.32205E+00	 3.19102E+00	 2.96091E+00	 4.66822E+00	 2.56561E+00	 2.59101E+00	 3.25000E+00	 2.82525E+00	 3.03083E+00	 8.71661E+00	 3.83859E+00	 2.25000E+00	 2.54978E+00	 2.25000E+00	 2.46170E+00	 2.58514E+00	 3.01204E+00	 3.79817E+00	 3.16432E+00	 3.58802E+00	 3.96465E+00	 7.13064E+00	 2.72378E+00	 3.24799E+00	 4.04020E+00
 6.40857E+00	 7.62330E+00	 1.21209E+01	 3.04262E+01	 2.95717E+01	 1.56773E+01	 4.53271E+00	 3.70580E+00	 1.96170E+00	 3.54020E+00	 4.50000E+00	 3.84652E+00	 4.23235E+00	 3.83259E+00	 4.01766E+00	 5.97378E+00	 4.66570E+00	 2.96387E+00	 2.42030E+00	 2.30415E+00	 5.15325E+00	 8.06202E+00	 6.84387E+00	 5.43778E+00	 4.72769E+00	 6.27502E+00	 5.93061E+00	 8.76918E+00	 6.00256E+00	 4.89921E+00	 5.85198E+00	 6.05576E+00	 2.14593E+00	 2.39698E+00	 2.32327E+00	 2.57327E+00	 2.38221E+00	 4.00000E+00	 2.73422E+00	 1.92326E+00	 3.34060E+00	 1.50000E+00	 1.45284E+00	 2.50000E+00	 1.75000E+00	 6.36086E+00	 6.00000E+00	 3.43394E+00	 2.14698E+00	 1.96468E+00	 2.65076E+00	 3.35635E+00	 4.51994E+00	 4.58869E+00	 5.83860E+00	 3.15040E+00	 2.52238E+00	 5.07345E+00	 2.56307E+00	 2.31880E+00	 3.50588E+00
 7.87839E+00	 9.98064E+00	 1.79284E+01	 4.19105E+01	 1.89523E+01	 8.31459E+00	 6.91141E+00	 5.27530E+00	 3.75000E+00	 3.20485E+00	 5.72059E+00	 4.55808E+00	 5.57817E+00	 6.68993E+00	 6.82307E+00	 4.41934E+00	 4.69892E+00	 5.01492E+00	 6.32570E+00	 4.81978E+00	 5.70980E+00	 6.71676E+00	 5.32825E+00	 8.73229E+00	 5.92721E+00	 5.25957E+00	 4.22110E+00	 5.23084E+00	 4.53893E+00	 6.88410E+00	 5.42353E+00	 3.67996E+00	 3.73667E+00	 2.38221E+00	 1.69190E+00	 2.37575E+00	 2.72646E+00	 4.20587E+00	 5.06080E+00	 2.50000E+00	 1.48529E+00	 1.95491E+00	 2.54020E+00	 3.00000E+00	 2.25000E+00	 3.25000E+00	 2.32874E+00	 2.25201E+00	 2.25000E+00	 1.90107E+00	 1.89954E+00	 1.69116E+00	 1.91583E+00	 4.25000E+00	 2.99536E+00	 1.85861E+00	 3.13020E+00	 3.08626E+00	 2.44115E+00	 2.50000E+00	 3.34595E+00
 1.15654E+01	 5.75000E+00	 1.28237E+01	 1.87967E+01	 1.67232E+01	 6.30151E+00	 4.30790E+00	 4.07817E+00	 3.64954E+00	 5.05432E+00	 5.99083E+00	 5.25000E+00	 6.94275E+00	 7.75000E+00	 8.10245E+00	 4.56978E+00	 8.35245E+00	 7.70490E+00	 4.57511E+00	 2.75000E+00	 4.92966E+00	 5.22955E+00	 4.62530E+00	 8.52100E+00	 9.38064E+00	 7.29284E+00	 8.94546E+00	 4.68958E+00	 5.21343E+00	 4.18161E+00	 3.65635E+00	 2.68826E+00	 2.75971E+00	 3.92363E+00	 3.09814E+00	 3.03785E+00	 3.03125E+00	 3.71468E+00	 3.75402E+00	 3.48495E+00	 5.25864E+00	 3.83626E+00	 2.38274E+00	 2.22408E+00	 2.39698E+00	 4.46470E+00	 6.25000E+00	 5.02169E+00	 1.70191E+00	 1.41160E+00	 2.51766E+00	 3.22762E+00	 5.25000E+00	 4.37726E+00	 3.34080E+00	 7.03517E+00	 4.28612E+00	 4.39105E+00	 2.81871E+00	 3.13274E+00	 1.89170E+00
 8.65980E+00	 5.30010E+00	 5.54284E+00	 8.94636E+00	 4.92409E+00	 4.18993E+00	 3.16758E+00	 3.68970E+00	 4.42399E+00	 5.44499E+00	 8.38616E+00	 5.59653E+00	 5.41387E+00	 5.31957E+00	 5.48576E+00	 5.49556E+00	 5.80575E+00	 4.87873E+00	 4.89184E+00	 6.73422E+00	 8.71935E+00	 6.39087E+00	 6.40111E+00	 7.42253E+00	 6.88506E+00	 1.24890E+01	 8.57882E+00	 4.74736E+00	 3.72820E+00	 3.42783E+00	 3.08751E+00	 2.75518E+00	 3.79616E+00	 5.21729E+00	 5.48256E+00	 5.16541E+00	 3.68035E+00	 2.00746E+00	 1.25000E+00	 3.84453E+00	 5.35073E+00	 5.69147E+00	 3.23576E+00	 2.33626E+00	 2.06323E+00	 2.25000E+00	 5.57548E+00	 4.75908E+00	 3.21651E+00	 2.41172E+00	 2.43819E+00	 1.49398E+00	 4.90075E+00	 9.86631E+00	 4.75241E+00	 5.60640E+00	 7.92622E+00	 6.75000E+00	 4.50453E+00	 3.48430E+00	 3.23235E+00
 5.46148E+00	 4.29675E+00	 3.93806E+00	 4.11726E+00	 2.70716E+00	 3.35574E+00	 3.01592E+00	 3.84395E+00	 4.42562E+00	 5.88998E+00	 5.86002E+00	 4.60426E+00	 5.88914E+00	 4.43970E+00	 4.19265E+00	 4.11002E+00	 3.81138E+00	 3.15749E+00	 4.12278E+00	 3.97173E+00	 3.96707E+00	 5.25241E+00	 4.77238E+00	 4.85591E+00	 7.09611E+00	 8.66734E+00	 6.74598E+00	 4.75000E+00	 5.00000E+00	 3.41762E+00	 4.63527E+00	 4.71723E+00	 4.92391E+00	 3.67431E+00	 4.54065E+00	 3.66852E+00	 3.70483E+00	 3.96387E+00	 3.27650E+00	 2.54574E+00	 4.40767E+00	 3.82803E+00	 3.80139E+00	 2.49042E+00	 2.71126E+00	 4.31007E+00	 4.40552E+00	 6.07584E+00	 3.48823E+00	 4.50000E+00	 4.85591E+00	 3.69190E+00	 6.07307E+00	 8.13468E+00	 8.87425E+00	 6.57874E+00	 1.03906E+01	 7.95300E+00	 3.92935E+00	 3.25000E+00	 3.13249E+00
 5.42779E+00	 2.21614E+00	 2.79023E+00	 2.14562E+00	 3.03010E+00	 3.17553E+00	 3.43188E+00	 4.47934E+00	 2.69705E+00	 4.99111E+00	 4.09527E+00	 2.87985E+00	 3.36381E+00	 3.43120E+00	 5.65599E+00	 4.25000E+00	 3.21798E+00	 8.02557E+00	 8.35376E+00	 4.07915E+00	 4.91934E+00	 6.29043E+00	 4.27196E+00	 6.55120E+00	 7.29313E+00	 4.63694E+00	 4.95625E+00	 3.75000E+00	 4.90107E+00	 5.13212E+00	 3.41296E+00	 2.85874E+00	 3.95093E+00	 4.00000E+00	 2.00000E+00	 3.19115E+00	 2.50000E+00	 3.21760E+00	 2.44700E+00	 2.78125E+00	 2.14401E+00	 3.00000E+00	 3.97550E+00	 1.75000E+00	 2.48823E+00	 4.07803E+00	 2.73796E+00	 2.97544E+00	 2.50588E+00	 2.50000E+00	 3.38170E+00	 6.21664E+00	 4.01207E+00	 6.64601E+00	 9.68560E+00	 6.57999E+00	 5.23796E+00	 1.35307E+01	 1.07030E+01	 3.68224E+00	 9.85604E+00
 2.21170E+00	 3.75000E+00	 5.29328E+00	 3.57096E+00	 5.17135E+00	 4.49777E+00	 3.82743E+00	 3.32955E+00	 4.17995E+00	 5.42995E+00	 4.88683E+00	 3.39639E+00	 2.91160E+00	 2.52409E+00	 3.18493E+00	 2.64062E+00	 3.21517E+00	 1.00565E+01	 1.06073E+01	 9.66184E+00	 3.29818E+00	 7.02381E+00	 6.72904E+00	 7.68351E+00	 5.71216E+00	 5.21889E+00	 3.75000E+00	 3.81174E+00	 3.08411E+00	 3.25602E+00	 2.08802E+00	 2.50000E+00	 2.76177E+00	 1.74412E+00	 2.50000E+00	 1.74412E+00	 2.24083E+00	 2.26090E+00	 2.70879E+00	 4.42568E+00	 4.28616E+00	 2.51443E+00	 2.97173E+00	 3.18521E+00	 3.73823E+00	 6.69706E+00	 6.21216E+00	 3.31016E+00	 3.11429E+00	 1.91301E+00	 2.77592E+00	 4.75515E+00	 5.33190E+00	 8.69875E+00	 9.26918E+00	 7.15746E+00	 2.61742E+01	 8.24831E+01	 4.85077E+01	 2.12967E+01	 2.55655E+01
 2.93819E+00	 4.21483E+00	 4.73256E+00	 4.35056E+00	 5.82743E+00	 6.33939E+00	 5.31679E+00	 3.30213E+00	 4.00402E+00	 4.05532E+00	 3.50000E+00	 3.76936E+00	 2.74042E+00	 3.60490E+00	 3.83921E+00	 2.16960E+00	 2.61151E+00	 7.06290E+00	 8.71954E+00	 4.04539E+00	 4.18306E+00	 4.50430E+00	 5.46444E+00	 5.06761E+00	 3.57591E+00	 4.72557E+00	 5.25454E+00	 5.06534E+00	 4.11682E+00	 3.63765E+00	 2.73467E+00	 3.09060E+00	 1.71992E+00	 2.97292E+00	 2.15383E+00	 3.38167E+00	 2.75258E+00	 3.91432E+00	 1.88796E+00	 4.42349E+00	 3.24368E+00	 4.88811E+00	 1.81470E+00	 1.62876E+00	 3.94576E+00	 8.62939E+00	 6.93414E+00	 3.32621E+00	 2.14062E+00	 2.20879E+00	 2.55575E+00	 3.15404E+00	 1.66432E+00	 4.91432E+00	 4.43161E+00	 6.48467E+00	 1.92052E+01	 5.56314E+01	 4.00243E+01	 1.78784E+01	 1.73758E+01
 4.07591E+00	 4.16595E+00	 3.38112E+00	 4.57281E+00	 3.18819E+00	 1.43727E+01	 1.39819E+01	 7.88127E+00	 6.26578E+00	 4.53792E+00	 3.46468E+00	 2.75000E+00	 1.48529E+00	 2.44861E+00	 2.69861E+00	 2.09156E+00	 1.64396E+00	 6.90951E+00	 6.48926E+00	 5.47870E+00	 3.45852E+00	 2.75709E+00	 2.22544E+00	 3.17326E+00	 3.17937E+00	 4.63419E+00	 4.09857E+00	 3.70490E+00	 6.00151E+00	 6.96020E+00	 4.15749E+00	 3.10046E+00	 1.92123E+00	 1.32877E+00	 2.25000E+00	 2.38274E+00	 1.74398E+00	 1.33102E+00	 1.34653E+00	 3.03008E+00	 2.52708E+00	 2.98823E+00	 2.75000E+00	 3.71211E+00	 2.94054E+00	 6.56606E+00	 5.87022E+00	 3.66091E+00	 1.57327E+00	 2.89409E+00	 2.05575E+00	 3.54809E+00	 3.18593E+00	 4.04277E+00	 6.01207E+00	 7.37873E+00	 5.22016E+00	 6.16931E+00	 5.47318E+00	 5.09361E+00	 3.50000E+00
 3.04956E+00	 3.76979E+00	 2.95882E+00	 2.64014E+00	 4.39014E+00	 6.67326E+00	 5.99759E+00	 4.55010E+00	 6.21284E+00	 8.43503E+00	 8.44880E+00	 7.15970E+00	 3.25000E+00	 1.94193E+00	 1.47290E+00	 2.17931E+00	 2.97894E+00	 2.80575E+00	 3.33831E+00	 2.63376E+00	 3.25000E+00	 1.69703E+00	 2.58411E+00	 2.96470E+00	 2.75000E+00	 3.71576E+00	 2.71674E+00	 2.73422E+00	 2.93826E+00	 6.90635E+00	 7.55708E+00	 5.82874E+00	 5.54313E+00	 2.39360E+00	 1.97894E+00	 1.50000E+00	 1.50000E+00	 1.72057E+00	 2.75905E+00	 4.54846E+00	 2.79213E+00	 2.64396E+00	 2.84681E+00	 2.48234E+00	 2.43521E+00	 2.43161E+00	 2.92538E+00	 3.18035E+00	 2.46470E+00	 2.46170E+00	 1.83699E+00	 1.97645E+00	 1.55501E+00	 3.16518E+00	 2.98422E+00	 1.41141E+00	 1.69693E+00	 1.67030E+00	 2.46470E+00	 2.34617E+00	 1.72057E+00
 3.76040E+00	 3.60938E+00	 2.25000E+00	 3.27827E+00	 3.44568E+00	 4.09156E+00	 2.23823E+00	 3.11002E+00	 8.71384E+00	 1.97254E+01	 1.91660E+01	 8.47539E+00	 3.54978E+00	 2.44111E+00	 2.28609E+00	 4.50000E+00	 3.73823E+00	 4.12254E+00	 2.64613E+00	 2.94111E+00	 2.45875E+00	 2.45875E+00	 3.33998E+00	 4.20312E+00	 2.45511E+00	 2.46990E+00	 1.96226E+00	 3.16734E+00	 4.79023E+00	 6.75517E+00	 6.31250E+00	 4.68035E+00	 3.39978E+00	 2.60022E+00	 2.30417E+00	 3.21470E+00	 2.50000E+00	 2.87626E+00	 2.89447E+00	 3.33088E+00	 3.52890E+00	 4.51225E+00	 3.73977E+00	 2.50202E+00	 2.68993E+00	 2.41437E+00	 1.44111E+00	 1.72055E+00	 1.21387E+00	 1.20284E+00	 2.46992E+00	 2.25000E+00	 1.71990E+00	 2.96465E+00	 3.64396E+00	 1.94693E+00	 1.25000E+00	 4.79209E+00	 5.21044E+00	 2.56645E+00	 2.72173E+00
 2.79463E+00	 4.44398E+00	 3.69275E+00	 3.88811E+00	 2.49311E+00	 2.82438E+00	 1.48529E+00	 2.70687E+00	 5.87146E+00	 1.27745E+01	 2.25647E+01	 9.04854E+00	 4.51443E+00	 4.30889E+00	 4.11474E+00	 3.65983E+00	 3.30420E+00	 2.85878E+00	 2.95312E+00	 1.88765E+00	 1.48823E+00	 3.41166E+00	 5.32332E+00	 4.15250E+00	 2.25000E+00	 2.50889E+00	 2.26333E+00	 2.57874E+00	 3.66437E+00	 3.94102E+00	 4.70751E+00	 4.19861E+00	 3.42622E+00	 3.24849E+00	 3.26979E+00	 2.78719E+00	 2.00000E+00	 2.12278E+00	 2.12726E+00	 2.86044E+00	 3.29092E+00	 5.89702E+00	 3.42504E+00	 3.04226E+00	 2.07307E+00	 1.77450E+00	 1.77710E+00	 2.21989E+00	 2.90281E+00	 2.65281E+00	 3.21707E+00	 3.37189E+00	 3.24857E+00	 1.89684E+00	 2.43043E+00	 1.46388E+00	 1.99556E+00	 1.91166E+00	 3.98796E+00	 4.73235E+00	 3.20294E+00
 1.81021E+00	 3.00000E+00	 3.32970E+00	 3.25971E+00	 4.25000E+00	 3.56776E+00	 3.98598E+00	 3.11119E+00	 3.16960E+00	 5.45687E+00	 8.44808E+00	 4.90173E+00	 6.77827E+00	 4.74254E+00	 3.07997E+00	 2.96465E+00	 5.46723E+00	 3.01492E+00	 3.00695E+00	 3.62127E+00	 2.96692E+00	 2.25000E+00	 3.23623E+00	 5.25000E+00	 4.43979E+00	 1.95791E+00	 2.44190E+00	 2.94934E+00	 4.45490E+00	 4.42326E+00	 5.20751E+00	 4.08467E+00	 3.91398E+00	 5.08199E+00	 2.45064E+00	 2.27022E+00	 2.86415E+00	 3.00000E+00	 2.65983E+00	 2.07217E+00	 3.26994E+00	 2.96676E+00	 5.42309E+00	 3.18847E+00	 2.60245E+00	 1.95483E+00	 1.96992E+00	 1.91141E+00	 2.67931E+00	 3.37021E+00	 2.86086E+00	 2.84297E+00	 2.83613E+00	 2.50515E+00	 3.70490E+00	 3.17622E+00	 2.64876E+00	 2.85218E+00	 2.52622E+00	 2.77622E+00	 2.35870E+00
 4.70293E+00	 3.56705E+00	 4.39729E+00	 5.10944E+00	 6.62127E+00	 3.84900E+00	 4.05930E+00	 4.66425E+00	 6.98084E+00	 7.57365E+00	 4.65547E+00	 4.38619E+00	 5.48508E+00	 6.86235E+00	 4.50454E+00	 4.25000E+00	 2.25000E+00	 1.61151E+00	 2.97975E+00	 2.59797E+00	 3.16141E+00	 2.75000E+00	 3.32970E+00	 5.37575E+00	 6.48748E+00	 6.25000E+00	 4.92326E+00	 4.06407E+00	 3.89511E+00	 5.46356E+00	 4.89426E+00	 4.61189E+00	 4.42326E+00	 4.78609E+00	 2.59617E+00	 1.96692E+00	 2.18394E+00	 1.71284E+00	 3.67568E+00	 4.87042E+00	 4.05779E+00	 5.34060E+00	 3.34060E+00	 2.93920E+00	 4.44934E+00	 2.60277E+00	 2.14008E+00	 2.46391E+00	 3.15281E+00	 3.34246E+00	 2.18188E+00	 3.04375E+00	 2.46470E+00	 1.06095E+00	 3.49094E+00	 2.68633E+00	 3.65605E+00	 4.47292E+00	 4.29307E+00	 5.96525E+00	 4.43120E+00
 3.67919E+00	 5.14365E+00	 5.59374E+00	 7.11631E+00	 7.76492E+00	 4.74042E+00	 4.13410E+00	 4.90830E+00	 4.04313E+00	 7.14511E+00	 5.99378E+00	 6.84611E+00	 9.92422E+00	 1.15976E+01	 9.71949E+00	 7.86086E+00	 3.92326E+00	 3.19700E+00	 1.91533E+00	 1.96992E+00	 2.71387E+00	 3.84652E+00	 4.49467E+00	 5.49768E+00	 7.57743E+00	 6.85489E+00	 4.31905E+00	 3.94861E+00	 5.75000E+00	 5.20312E+00	 6.76492E+00	 5.31978E+00	 5.29313E+00	 4.06561E+00	 1.94703E+00	 2.75000E+00	 3.84993E+00	 3.88117E+00	 5.43741E+00	 5.09873E+00	 4.54273E+00	 6.71566E+00	 4.65844E+00	 3.40971E+00	 2.70787E+00	 2.77060E+00	 2.92935E+00	 2.88225E+00	 3.59395E+00	 1.63914E+00	 2.13380E+00	 2.28792E+00	 1.46880E+00	 1.72352E+00	 3.95716E+00	 3.93446E+00	 3.06671E+00	 4.06671E+00	 6.05499E+00	 7.23594E+00	 4.09361E+00
 2.66741E+00	 3.93806E+00	 7.13619E+00	 6.16533E+00	 4.80532E+00	 4.41762E+00	 5.11157E+00	 3.22292E+00	 3.91503E+00	 5.00000E+00	 4.76979E+00	 5.67187E+00	 1.11303E+01	 1.19262E+01	 1.00000E+01	 6.70687E+00	 4.00000E+00	 3.31688E+00	 1.75000E+00	 2.72350E+00	 3.88616E+00	 3.42326E+00	 3.40111E+00	 7.00402E+00	 6.76979E+00	 7.89087E+00	 4.53756E+00	 7.12979E+00	 7.60944E+00	 7.62873E+00	 7.94305E+00	 5.80473E+00	 4.41245E+00	 2.92783E+00	 3.02468E+00	 3.13765E+00	 3.25402E+00	 3.27592E+00	 5.26225E+00	 5.41556E+00	 3.86151E+00	 5.48006E+00	 4.25000E+00	 2.57281E+00	 1.95980E+00	 2.26592E+00	 2.17183E+00	 2.84080E+00	 2.45022E+00	 3.56292E+00	 3.24029E+00	 2.75201E+00	 1.98796E+00	 2.67341E+00	 1.85992E+00	 2.14654E+00	 2.92995E+00	 2.93306E+00	 2.21517E+00	 4.74551E+00	 1.92399E+00
 5.36002E+00	 7.74799E+00	 3.94032E+00	 3.88931E+00	 4.46844E+00	 1.96065E+00	 3.37873E+00	 1.98467E+00	 1.70044E+00	 1.79121E+00	 4.99773E+00	 7.10944E+00	 9.53957E+00	 7.42551E+00	 9.04125E+00	 8.21844E+00	 3.57307E+00	 2.64365E+00	 1.98194E+00	 2.12968E+00	 2.25000E+00	 2.92057E+00	 4.06138E+00	 3.41898E+00	 3.35908E+00	 7.56497E+00	 7.25000E+00	 9.51509E+00	 9.97934E+00	 1.18733E+01	 1.15422E+01	 1.14084E+01	 7.93120E+00	 7.25000E+00	 3.73960E+00	 2.89953E+00	 4.25151E+00	 5.15060E+00	 3.78756E+00	 4.02180E+00	 2.98823E+00	 2.70875E+00	 2.02505E+00	 2.94990E+00	 2.80061E+00	 2.41852E+00	 2.75000E+00	 1.59060E+00	 3.06705E+00	 3.34387E+00	 2.54616E+00	 1.98064E+00	 2.66877E+00	 2.00000E+00	 2.48235E+00	 2.50302E+00	 2.00000E+00	 4.14654E+00	 3.92135E+00	 3.46044E+00	 2.49097E+00
 2.89365E+00	 4.27867E+00	 3.60837E+00	 2.93822E+00	 4.15281E+00	 3.45191E+00	 2.00000E+00	 2.04644E+00	 2.47831E+00	 3.26040E+00	 6.12016E+00	 8.02231E+00	 7.28958E+00	 7.09595E+00	 9.57004E+00	 7.87613E+00	 3.77682E+00	 3.14755E+00	 3.25000E+00	 2.75000E+00	 2.00000E+00	 3.04644E+00	 2.51492E+00	 3.18284E+00	 2.97940E+00	 6.37726E+00	 9.21182E+00	 1.00764E+01	 1.44621E+01	 1.13794E+01	 1.37760E+01	 1.55512E+01	 1.50847E+01	 1.41714E+01	 7.37877E+00	 8.57307E+00	 7.98235E+00	 4.64364E+00	 3.11235E+00	 3.34148E+00	 2.84889E+00	 1.46465E+00	 2.62877E+00	 2.22940E+00	 2.35574E+00	 1.74412E+00	 2.34060E+00	 2.50000E+00	 2.12625E+00	 3.06016E+00	 2.20320E+00	 2.84365E+00	 2.82332E+00	 2.22055E+00	 2.46692E+00	 2.34993E+00	 2.20191E+00	 5.79814E+00	 3.02052E+00	 3.29509E+00	 2.65292E+00
 2.23193E+00	 1.73495E+00	 4.91224E+00	 2.56497E+00	 2.75258E+00	 2.27106E+00	 2.62361E+00	 2.96990E+00	 3.16332E+00	 3.44398E+00	 7.07874E+00	 9.42326E+00	 7.06753E+00	 8.54901E+00	 1.18750E+01	 1.08758E+01	 6.39679E+00	 4.44861E+00	 4.88610E+00	 4.25000E+00	 2.75000E+00	 2.50000E+00	 2.52489E+00	 2.16166E+00	 5.13511E+00	 5.45300E+00	 7.24659E+00	 1.35947E+01	 1.36487E+01	 1.24653E+01	 1.05000E+01	 1.52675E+01	 1.38817E+01	 7.37518E+00	 5.07591E+00	 9.39980E+00	 9.00879E+00	 7.52080E+00	 4.14657E+00	 3.03530E+00	 2.08668E+00	 2.44934E+00	 2.19703E+00	 3.98422E+00	 4.14562E+00	 3.20791E+00	 2.43693E+00	 1.84060E+00	 1.93511E+00	 1.75000E+00	 9.90967E-01	 2.30182E+00	 2.41898E+00	 3.04020E+00	 1.72940E+00	 3.30420E+00	 3.25444E+00	 1.67783E+00	 2.07813E+00	 4.32874E+00	 4.07659E+00
 2.00000E+00	 4.17777E+00	 3.67533E+00	 4.33715E+00	 3.51098E+00	 2.48479E+00	 1.72055E+00	 3.06307E+00	 5.55810E+00	 6.17326E+00	 9.59814E+00	 1.15667E+01	 1.28713E+01	 1.11781E+01	 1.00791E+01	 1.49133E+01	 7.79675E+00	 7.25000E+00	 6.89954E+00	 5.35574E+00	 6.40919E+00	 4.00151E+00	 3.67935E+00	 2.60635E+00	 5.18581E+00	 5.39876E+00	 1.02451E+01	 1.22621E+01	 1.14248E+01	 1.41495E+01	 1.24281E+01	 1.26183E+01	 1.03085E+01	 9.07438E+00	 9.33568E+00	 9.50000E+00	 8.67685E+00	 3.29065E+00	 4.18521E+00	 2.67030E+00	 3.75957E+00	 2.86381E+00	 3.13212E+00	 4.32223E+00	 2.93095E+00	 1.72647E+00	 2.95186E+00	 2.50000E+00	 2.16301E+00	 1.82601E+00	 1.96760E+00	 1.73529E+00	 1.83699E+00	 2.65404E+00	 2.17931E+00	 1.84750E+00	 2.47593E+00	 3.54978E+00	 2.94345E+00	 3.25000E+00	 5.03008E+00
 4.76562E+00	 3.81007E+00	 3.00000E+00	 2.75959E+00	 4.14008E+00	 4.26994E+00	 4.95751E+00	 5.94939E+00	 8.24284E+00	 1.28514E+01	 1.72374E+01	 1.19074E+01	 1.27887E+01	 1.26043E+01	 1.24063E+01	 1.15044E+01	 8.01023E+00	 7.41437E+00	 4.57874E+00	 7.54125E+00	 6.92123E+00	 6.43645E+00	 8.61415E+00	 6.29220E+00	 9.75000E+00	 1.03274E+01	 9.55192E+00	 9.14841E+00	 1.01719E+01	 9.83927E+00	 1.23758E+01	 9.40624E+00	 8.42562E+00	 8.82811E+00	 9.93283E+00	 8.70333E+00	 6.53988E+00	 4.20183E+00	 4.09675E+00	 3.41877E+00	 4.06688E+00	 3.84365E+00	 3.43826E+00	 3.52984E+00	 2.37127E+00	 4.17409E+00	 2.68383E+00	 3.14405E+00	 1.88112E+00	 2.49398E+00	 2.00000E+00	 2.25000E+00	 2.50000E+00	 2.48529E+00	 2.28785E+00	 3.22645E+00	 2.37042E+00	 3.23960E+00	 7.04517E+00	 4.02361E+00	 5.57820E+00
 4.93847E+00	 4.06688E+00	 2.45716E+00	 5.74094E+00	 2.64426E+00	 2.75000E+00	 5.62986E+00	 6.72934E+00	 1.30202E+01	 1.40045E+01	 1.68244E+01	 1.47390E+01	 1.07342E+01	 1.18228E+01	 1.65097E+01	 1.18097E+01	 8.77530E+00	 5.07674E+00	 4.65547E+00	 3.45852E+00	 5.26979E+00	 1.10537E+01	 1.28878E+01	 9.03957E+00	 7.38376E+00	 6.75959E+00	 6.77450E+00	 7.68905E+00	 1.12552E+01	 1.17896E+01	 1.37768E+01	 1.02936E+01	 6.70312E+00	 5.87814E+00	 5.85944E+00	 6.14770E+00	 6.93826E+00	 4.16741E+00	 4.93693E+00	 2.21990E+00	 4.64755E+00	 2.36888E+00	 2.89841E+00	 3.25151E+00	 1.77867E+00	 5.51548E+00	 9.25548E+00	 4.76994E+00	 3.54907E+00	 4.50000E+00	 2.92030E+00	 1.97352E+00	 2.46469E+00	 1.44592E+00	 2.34652E+00	 3.07504E+00	 2.92051E+00	 4.09453E+00	 3.25959E+00	 7.67596E+00	 9.73317E+00
 3.75000E+00	 3.05562E+00	 3.47292E+00	 3.05213E+00	 3.46284E+00	 3.30015E+00	 3.97920E+00	 8.07322E+00	 1.25436E+01	 1.35570E+01	 1.18600E+01	 1.21138E+01	 1.39842E+01	 1.65420E+01	 1.69535E+01	 8.92204E+00	 3.75000E+00	 3.50000E+00	 2.73235E+00	 2.50000E+00	 6.50000E+00	 8.61830E+00	 9.64657E+00	 7.73422E+00	 7.14060E+00	 6.22532E+00	 6.50000E+00	 6.66734E+00	 9.24849E+00	 8.38610E+00	 8.36389E+00	 6.25302E+00	 5.14360E+00	 5.90060E+00	 7.02667E+00	 7.41734E+00	 5.89062E+00	 8.00000E+00	 7.04092E+00	 6.62984E+00	 4.00000E+00	 2.14170E+00	 2.52736E+00	 2.48795E+00	 3.24398E+00	 6.29081E+00	 7.77887E+00	 8.33715E+00	 2.91806E+00	 1.21132E+00	 2.39387E+00	 2.75000E+00	 2.54209E+00	 3.82004E+00	 3.00000E+00	 3.16160E+00	 2.67719E+00	 3.51040E+00	 4.09270E+00	 9.29220E+00	 1.10202E+01
 2.54680E+00	 2.71992E+00	 2.98193E+00	 3.79213E+00	 4.00000E+00	 3.00151E+00	 3.27241E+00	 5.23364E+00	 8.49799E+00	 1.09713E+01	 1.47128E+01	 1.39421E+01	 9.92326E+00	 1.00030E+01	 1.12603E+01	 6.14613E+00	 2.73235E+00	 3.67051E+00	 5.59453E+00	 6.07186E+00	 9.45300E+00	 7.16595E+00	 8.14060E+00	 7.00000E+00	 7.37148E+00	 6.50000E+00	 6.17126E+00	 5.98508E+00	 5.84653E+00	 1.06005E+01	 7.21815E+00	 6.06753E+00	 4.14698E+00	 5.75000E+00	 4.25602E+00	 8.61631E+00	 9.75000E+00	 8.51563E+00	 9.34156E+00	 8.04907E+00	 4.10490E+00	 4.08259E+00	 2.65007E+00	 1.97593E+00	 1.75000E+00	 2.37575E+00	 4.65383E+00	 3.85908E+00	 3.02682E+00	 3.00000E+00	 2.51090E+00	 2.65569E+00	 3.05182E+00	 4.33668E+00	 2.91762E+00	 3.19787E+00	 1.25000E+00	 4.75000E+00	 7.42554E+00	 1.00245E+01	 7.58459E+00
 2.18079E+00	 3.56319E+00	 4.50000E+00	 2.46391E+00	 3.06016E+00	 2.20586E+00	 2.41296E+00	 8.25201E+00	 8.52530E+00	 1.09954E+01	 1.23661E+01	 1.33847E+01	 1.25198E+01	 1.07075E+01	 6.38765E+00	 3.55213E+00	 6.16176E+00	 3.49091E+00	 5.25453E+00	 3.96356E+00	 5.77238E+00	 8.29476E+00	 5.82874E+00	 5.90749E+00	 6.69347E+00	 7.17193E+00	 3.00000E+00	 3.25000E+00	 3.25000E+00	 4.09814E+00	 5.87425E+00	 3.00000E+00	 2.61002E+00	 3.19032E+00	 3.96798E+00	 3.76341E+00	 3.76578E+00	 5.65569E+00	 1.18167E+01	 1.05134E+01	 3.77736E+00	 4.86389E+00	 4.25000E+00	 2.45791E+00	 4.08802E+00	 3.53386E+00	 2.48235E+00	 3.49042E+00	 2.86726E+00	 2.67931E+00	 4.89396E+00	 3.72645E+00	 3.23021E+00	 3.22888E+00	 4.37055E+00	 2.60245E+00	 4.16835E+00	 2.00092E+02	 2.77007E+01	 9.59380E+00	 1.15759E+01
 2.69583E+00	 2.34925E+00	 3.34797E+00	 2.60277E+00	 2.76443E+00	 1.48823E+00	 1.50000E+00	 3.35287E+00	 6.51056E+00	 1.00218E+01	 9.56909E+00	 9.76377E+00	 9.18091E+00	 6.50000E+00	 3.18521E+00	 3.23796E+00	 3.73147E+00	 2.96470E+00	 3.87626E+00	 4.90580E+00	 6.18687E+00	 7.55968E+00	 5.50302E+00	 6.75000E+00	 6.77965E+00	 5.15182E+00	 3.05061E+00	 2.11833E+00	 1.46992E+00	 2.68984E+00	 2.40940E+00	 1.81419E+00	 2.75000E+00	 2.10640E+00	 1.46469E+00	 1.72646E+00	 2.47940E+00	 5.69861E+00	 7.89721E+00	 7.62877E+00	 5.00000E+00	 5.71844E+00	 4.50000E+00	 4.86415E+00	 2.75000E+00	 2.76936E+00	 2.93095E+00	 3.64174E+00	 2.89850E+00	 3.47396E+00	 3.46391E+00	 5.29675E+00	 2.36788E+00	 4.80457E+00	 2.53349E+00	 3.73623E+00	 4.50000E+00	 3.98823E+00	 8.51979E+00	 7.99581E+00	 8.35796E+00
 2.04574E+00	 2.12021E+00	 3.40075E+00	 1.85591E+00	 1.72057E+00	 2.48529E+00	 3.00000E+00	 3.92326E+00	 7.08630E+00	 5.70356E+00	 7.02238E+00	 7.12940E+00	 3.96044E+00	 3.11682E+00	 2.50000E+00	 3.04644E+00	 4.05010E+00	 4.35343E+00	 2.42183E+00	 3.71461E+00	 3.59949E+00	 4.31489E+00	 3.49042E+00	 2.72532E+00	 5.02238E+00	 4.39360E+00	 2.89396E+00	 2.18394E+00	 3.18511E+00	 2.67135E+00	 1.98235E+00	 2.77238E+00	 3.96391E+00	 5.94345E+00	 4.92253E+00	 4.35835E+00	 2.89510E+00	 2.41734E+00	 4.00000E+00	 5.89060E+00	 5.56921E+00	 3.93120E+00	 4.52241E+00	 3.28941E+00	 4.90852E+00	 2.74849E+00	 3.20491E+00	 4.49397E+00	 1.69613E+01	 2.71587E+01	 1.12961E+01	 6.88526E+00	 1.11571E+01	 1.73195E+01	 7.53234E+00	 6.16870E+00	 4.84617E+00	 6.37726E+00	 5.81671E+00	 1.05100E+01	 1.10024E+01
 3.40983E+00	 2.50000E+00	 1.73823E+00	 2.24117E+00	 1.98235E+00	 3.19585E+00	 1.00000E+00	 3.82221E+00	 3.54818E+00	 5.73058E+00	 5.86682E+00	 4.18120E+00	 3.36240E+00	 3.29186E+00	 2.32591E+00	 2.55297E+00	 3.01578E+00	 2.62278E+00	 2.51040E+00	 4.63914E+00	 4.39360E+00	 1.70491E+00	 1.68383E+00	 2.31534E+00	 1.14401E+00	 2.50000E+00	 2.22647E+00	 1.41758E+00	 1.73193E+00	 3.15852E+00	 3.00000E+00	 3.41898E+00	 3.42935E+00	 3.50586E+00	 3.32347E+00	 3.49111E+00	 2.90100E+00	 3.75000E+00	 3.04644E+00	 4.00959E+00	 6.26225E+00	 4.81780E+00	 5.53270E+00	 4.13290E+00	 4.23977E+00	 4.25000E+00	 3.13619E+00	 1.12134E+01	 3.92213E+01	 2.81895E+01	 1.08006E+01	 4.71129E+00	 1.86137E+01	 2.66541E+01	 1.40334E+01	 5.25000E+00	 4.48517E+00	 7.51128E+00	 1.09814E+01	 8.24949E+00	 9.65393E+00
 2.50227E+00	 3.44989E+00	 2.41877E+00	 3.17197E+00	 2.67197E+00	 1.73823E+00	 3.00000E+00	 2.73422E+00	 3.72350E+00	 4.72350E+00	 4.88550E+00	 2.54043E+00	 2.58088E+00	 3.80982E+00	 2.40508E+00	 2.35047E+00	 2.91166E+00	 3.51422E+00	 4.70064E+00	 5.43826E+00	 3.25000E+00	 2.71707E+00	 2.33514E+00	 1.84967E+00	 2.06470E+00	 2.22646E+00	 1.73796E+00	 2.40107E+00	 1.93079E+00	 1.97646E+00	 3.75000E+00	 1.48529E+00	 2.50000E+00	 3.28424E+00	 3.63468E+00	 3.82225E+00	 3.09060E+00	 2.50000E+00	 4.20490E+00	 6.28521E+00	 5.33886E+00	 5.75516E+00	 4.79250E+00	 4.82460E+00	 3.09270E+00	 3.60908E+00	 4.46284E+00	 4.82327E+00	 9.28210E+00	 1.01983E+01	 8.42559E+00	 6.61933E+00	 6.56587E+00	 7.89360E+00	 4.89137E+00	 2.50000E+00	 3.84652E+00	 6.96723E+00	 1.10226E+01	 8.09408E+00	 8.49536E+00
 2.78271E+00	 3.64944E+00	 3.15899E+00	 2.83797E+00	 2.26505E+00	 2.13261E+00	 2.73522E+00	 1.99458E+00	 1.75000E+00	 3.07327E+00	 3.13610E+00	 2.96243E+00	 3.77849E+00	 2.81535E+00	 2.85640E+00	 4.00232E+00	 5.31688E+00	 7.63551E+00	 7.15589E+00	 5.73623E+00	 3.37877E+00	 2.09080E+00	 2.43521E+00	 1.29936E+00	 2.14184E+00	 2.39387E+00	 1.85566E+00	 1.64510E+00	 2.02530E+00	 2.16758E+00	 2.54814E+00	 2.00000E+00	 2.61474E+00	 3.20485E+00	 5.40383E+00	 8.76994E+00	 1.00097E+01	 5.71984E+00	 3.19032E+00	 4.63179E+00	 7.20265E+00	 6.07281E+00	 3.39212E+00	 2.92795E+00	 2.38274E+00	 3.38619E+00	 2.32281E+00	 2.79809E+00	 2.84617E+00	 2.77827E+00	 2.97511E+00	 2.12613E+00	 2.12387E+00	 3.25000E+00	 4.22290E+00	 3.93693E+00	 5.63064E+00	 6.59069E+00	 8.11415E+00	 9.60992E+00	 7.73977E+00
 6.16969E+00	 1.09604E+01	 8.33704E+00	 3.75000E+00	 2.69693E+00	 2.93284E+00	 2.15580E+00	 3.63212E+00	 3.73576E+00	 1.47532E+00	 1.93496E+00	 2.97646E+00	 1.63796E+00	 1.71674E+00	 3.68521E+00	 4.65111E+00	 6.87330E+00	 9.50082E+00	 1.16382E+01	 9.03957E+00	 6.50889E+00	 2.92622E+00	 3.91387E+00	 3.87854E+00	 2.11151E+00	 1.60940E+00	 2.03958E+00	 1.75000E+00	 2.70186E+00	 2.50000E+00	 3.02456E+00	 2.91574E+00	 1.75055E+00	 2.93970E+00	 9.25754E+00	 1.18833E+01	 9.78293E+00	 7.64434E+00	 6.06922E+00	 6.99311E+00	 5.60566E+00	 6.63594E+00	 4.09596E+00	 4.67399E+00	 2.25000E+00	 1.97290E+00	 2.50000E+00	 2.25000E+00	 3.50000E+00	 3.75000E+00	 5.91764E+00	 4.16176E+00	 3.00000E+00	 6.50453E+00	 1.05830E+01	 1.01579E+01	 4.77279E+00	 6.07975E+00	 6.33411E+00	 7.50213E+00	 7.67135E+00
 8.73745E+00	 8.14334E+00	 6.53596E+00	 3.05703E+00	 2.72059E+00	 3.41166E+00	 2.45093E+00	 3.41741E+00	 2.92123E+00	 3.50603E+00	 3.31470E+00	 1.80213E+00	 2.20580E+00	 1.86833E+00	 4.36389E+00	 4.36532E+00	 3.11767E+00	 3.43383E+00	 6.59374E+00	 9.87499E+00	 5.98437E+00	 2.22292E+00	 2.48194E+00	 3.22094E+00	 3.90637E+00	 3.23084E+00	 3.19875E+00	 4.25000E+00	 2.69583E+00	 2.76592E+00	 1.98408E+00	 3.59108E+00	 3.50905E+00	 6.38481E+00	 6.13952E+00	 8.84809E+00	 1.05687E+01	 7.65589E+00	 7.04476E+00	 6.50602E+00	 8.66973E+00	 8.20265E+00	 6.57281E+00	 4.39562E+00	 2.68095E+00	 1.64396E+00	 2.79956E+00	 2.96391E+00	 6.00241E+00	 1.42986E+01	 1.39118E+01	 8.08831E+00	 6.62274E+00	 5.00453E+00	 9.17945E+00	 1.03289E+01	 9.74998E+00	 7.43847E+00	 5.79273E+00	 5.14447E+00	 1.03489E+01
 5.29023E+00	 4.43048E+00	 3.52502E+00	 6.00518E+00	 3.77867E+00	 2.89409E+00	 2.81688E+00	 4.55415E+00	 4.73977E+00	 3.84374E+00	 3.46576E+00	 2.84453E+00	 1.95787E+00	 2.66574E+00	 1.71989E+00	 2.63956E+00	 2.31965E+00	 9.90967E-01	 1.23529E+00	 2.50000E+00	 2.73795E+00	 3.51806E+00	 2.96992E+00	 3.75000E+00	 3.27530E+00	 3.25000E+00	 2.61189E+00	 5.00542E+00	 5.27238E+00	 2.15767E+00	 2.11086E+00	 3.41245E+00	 6.43822E+00	 6.78413E+00	 1.03610E+01	 1.10943E+01	 7.28674E+00	 6.55712E+00	 6.06671E+00	 5.83602E+00	 6.84008E+00	 8.76937E+00	 8.10056E+00	 3.43284E+00	 2.90749E+00	 3.98283E+00	 7.25302E+00	 5.78535E+00	 6.77965E+00	 1.27485E+01	 1.27968E+01	 9.80152E+00	 9.48756E+00	 8.18596E+00	 1.06539E+01	 9.33921E+00	 9.12127E+00	 7.80532E+00	 8.61532E+00	 7.36614E+00	 7.27866E+00
 6.75000E+00	 4.10938E+00	 4.09069E+00	 6.15641E+00	 6.85992E+00	 4.58816E+00	 3.38509E+00	 4.83921E+00	 2.84894E+00	 4.21343E+00	 4.11631E+00	 2.17326E+00	 3.28532E+00	 2.53613E+00	 2.52890E+00	 2.15325E+00	 2.17783E+00	 2.52353E+00	 2.25000E+00	 9.72924E-01	 3.47352E+00	 2.71468E+00	 2.75000E+00	 2.04644E+00	 3.17644E+00	 2.19468E+00	 9.47170E+00	 9.59813E+00	 1.01446E+01	 2.19629E+00	 1.50000E+00	 2.34030E+00	 5.13244E+00	 4.18504E+00	 8.92222E+00	 8.47337E+00	 5.59361E+00	 4.67251E+00	 3.98452E+00	 3.61356E+00	 6.50968E+00	 9.29211E+00	 9.65111E+00	 2.60853E+00	 3.89212E+00	 4.39365E+00	 8.03988E+00	 1.12500E+01	 6.90844E+00	 4.73977E+00	 7.91973E+00	 8.87986E+00	 1.03363E+01	 1.12887E+01	 1.08818E+01	 9.65589E+00	 6.80061E+00	 8.86682E+00	 8.82591E+00	 7.43687E+00	 8.33722E+00
 4.58860E+00	 3.97920E+00	 5.36023E+00	 9.01580E+00	 7.72557E+00	 6.92841E+00	 4.78958E+00	 3.98887E+00	 4.13610E+00	 4.38112E+00	 2.17326E+00	 3.43375E+00	 2.82813E+00	 1.20191E+00	 1.91750E+00	 2.20875E+00	 2.20186E+00	 1.95320E+00	 2.58755E+00	 3.43312E+00	 3.57817E+00	 3.60908E+00	 2.20879E+00	 9.81934E-01	 2.22055E+00	 4.15729E+00	 8.80405E+00	 1.19102E+01	 1.16670E+01	 9.73104E+00	 5.48263E+00	 3.55432E+00	 4.17187E+00	 3.25000E+00	 3.67123E+00	 4.86240E+00	 5.04125E+00	 3.21632E+00	 3.44147E+00	 4.54574E+00	 3.74398E+00	 4.62499E+00	 3.43120E+00	 3.96465E+00	 3.41203E+00	 2.21044E+00	 3.97046E+00	 4.24043E+00	 4.39925E+00	 5.42003E+00	 3.02604E+00	 4.94374E+00	 8.05972E+00	 1.16301E+01	 1.23251E+01	 9.36086E+00	 8.31753E+00	 4.46760E+00	 4.28424E+00	 4.70191E+00	 6.49556E+00
 1.45580E+00	 2.46470E+00	 6.95191E+00	 5.23058E+00	 8.30152E+00	 6.86559E+00	 7.63631E+00	 8.51869E+00	 7.42596E+00	 3.94990E+00	 3.61726E+00	 4.87042E+00	 3.00000E+00	 2.44594E+00	 3.25971E+00	 2.47350E+00	 1.98235E+00	 1.70485E+00	 3.17783E+00	 1.71182E+00	 2.25226E+00	 2.32281E+00	 2.47646E+00	 3.19985E+00	 3.67681E+00	 7.31178E+00	 9.47167E+00	 9.90546E+00	 1.60388E+01	 6.41047E+00	 4.69362E+00	 3.44892E+00	 3.70687E+00	 2.65325E+00	 5.64770E+00	 5.09218E+00	 5.56746E+00	 4.50241E+00	 3.90404E+00	 3.26090E+00	 2.25000E+00	 2.70751E+00	 2.69705E+00	 3.07226E+00	 4.52622E+00	 5.11377E+00	 3.68446E+00	 2.74998E+00	 5.46958E+00	 3.69115E+00	 6.35788E+00	 6.92339E+00	 7.02890E+00	 1.11287E+01	 1.11762E+01	 1.30550E+01	 8.82941E+00	 7.20120E+00	 4.19345E+00	 2.84967E+00	 3.75000E+00
 4.11474E+00	 1.72646E+00	 2.94362E+00	 5.12306E+00	 6.18577E+00	 1.08293E+01	 8.67289E+00	 4.44873E+00	 5.20736E+00	 4.17537E+00	 7.01492E+00	 8.98336E+00	 6.33501E+00	 7.08719E+00	 4.57621E+00	 3.86267E+00	 6.07541E+00	 5.12148E+00	 3.77845E+00	 5.32186E+00	 4.09420E+00	 3.59912E+00	 2.21387E+00	 3.81020E+00	 6.09676E+00	 6.74570E+00	 4.07149E+00	 4.04461E+00	 4.44236E+00	 3.64980E+00	 2.95491E+00	 3.18970E+00	 3.96126E+00	 2.76636E+00	 3.19111E+00	 5.28270E+00	 3.66296E+00	 3.07504E+00	 2.04644E+00	 1.69892E+00	 1.25000E+00	 2.50000E+00	 5.67604E+00	 9.17263E+00	 7.84034E+00	 8.77124E+00	 3.75505E+00	 5.09895E+00	 5.83371E+00	 6.44483E+00	 7.21657E+00	 1.00428E+01	 7.63410E+00	 7.29092E+00	 8.19193E+00	 9.89511E+00	 8.79036E+00	 7.66786E+00	 5.82122E+00	 3.02708E+00	 1.50000E+00
 2.23823E+00	 3.56451E+00	 2.91595E+00	 3.25000E+00	 7.81859E+00	 1.05078E+01	 1.03900E+01	 5.29540E+00	 2.79901E+00	 5.73467E+00	 3.23329E+00	 5.55473E+00	 4.38380E+00	 5.96056E+00	 3.75227E+00	 4.76807E+00	 3.38419E+00	 6.06875E+00	 1.32516E+01	 6.29036E+00	 4.83190E+00	 5.21243E+00	 5.97110E+00	 7.24201E+00	 6.54524E+00	 6.19587E+00	 3.44275E+00	 4.78958E+00	 6.74737E+00	 8.53503E+00	 7.70935E+00	 4.75517E+00	 6.05689E+00	 3.72292E+00	 6.30655E+00	 4.55873E+00	 2.92030E+00	 3.07307E+00	 2.57560E+00	 3.40569E+00	 3.25151E+00	 4.94892E+00	 2.94032E+00	 4.29483E+00	 6.34527E+00	 4.26459E+00	 6.86125E+00	 6.86125E+00	 4.60938E+00	 5.54515E+00	 9.64102E+00	 1.79950E+01	 1.19785E+01	 8.39360E+00	 7.62613E+00	 6.32438E+00	 5.67622E+00	 6.33131E+00	 4.85293E+00	 4.25000E+00	 2.90767E+00
 2.43095E+00	 4.45625E+00	 4.30011E+00	 2.50151E+00	 6.61833E+00	 8.19939E+00	 7.19356E+00	 5.63167E+00	 8.80574E+00	 6.99949E+00	 4.98234E+00	 2.50000E+00	 2.87613E+00	 3.75000E+00	 3.23084E+00	 3.89408E+00	 3.72055E+00	 3.12726E+00	 2.73158E+00	 3.30108E+00	 2.71470E+00	 2.77459E+00	 3.71815E+00	 4.80015E+00	 6.92034E+00	 1.03846E+01	 6.47352E+00	 4.79850E+00	 7.31310E+00	 1.06417E+01	 1.01575E+01	 1.90018E+01	 1.09497E+01	 7.14464E+00	 8.07773E+00	 8.85274E+00	 5.78609E+00	 4.09924E+00	 1.85046E+00	 4.58774E+00	 3.93681E+00	 5.00000E+00	 3.91934E+00	 3.63179E+00	 6.97955E+00	 7.74304E+00	 4.96576E+00	 8.63619E+00	 5.13619E+00	 4.50402E+00	 6.01606E+00	 1.03948E+01	 9.64365E+00	 8.36631E+00	 1.07675E+01	 1.06391E+01	 5.89511E+00	 3.59080E+00	 3.00000E+00	 2.66332E+00	 2.46129E+00
 1.88170E+00	 2.25000E+00	 3.50000E+00	 3.35407E+00	 4.11532E+00	 3.25000E+00	 4.59101E+00	 5.46889E+00	 9.27047E+00	 6.54682E+00	 3.74064E+00	 2.79209E+00	 4.49467E+00	 2.63170E+00	 1.98796E+00	 5.05735E+00	 2.62979E+00	 1.92475E+00	 2.62387E+00	 2.44892E+00	 2.39593E+00	 3.10870E+00	 5.25000E+00	 4.69305E+00	 2.26252E+00	 4.19257E+00	 3.36429E+00	 3.26409E+00	 4.24305E+00	 6.34311E+00	 6.74263E+00	 1.97154E+01	 9.36944E+00	 6.05106E+00	 9.12994E+00	 2.11064E+01	 1.57211E+01	 8.48850E+00	 5.28868E+00	 5.54671E+00	 7.66681E+00	 6.69828E+00	 5.54818E+00	 3.32570E+00	 3.14104E+00	 6.39069E+00	 3.94115E+00	 5.49254E+00	 2.97055E+00	 4.20384E+00	 5.52114E+00	 6.02682E+00	 6.75000E+00	 8.90589E+00	 1.25774E+01	 9.88170E+00	 5.54907E+00	 3.30061E+00	 2.71170E+00	 2.75000E+00	 1.97057E+00
 1.67795E+00	 2.25000E+00	 2.94989E+00	 6.35635E+00	 2.95312E+00	 4.65635E+00	 3.45687E+00	 4.62254E+00	 4.17554E+00	 7.58459E+00	 3.56250E+00	 4.76409E+00	 2.95787E+00	 3.47057E+00	 2.38170E+00	 3.91002E+00	 1.97593E+00	 1.98495E+00	 2.61532E+00	 3.29463E+00	 1.88616E+00	 3.46468E+00	 4.73823E+00	 3.53756E+00	 1.19585E+00	 3.43681E+00	 2.48796E+00	 2.06957E+00	 1.88914E+00	 2.24117E+00	 3.41806E+00	 4.55139E+00	 3.16741E+00	 2.90970E+00	 6.83095E+00	 7.38307E+01	 6.62365E+01	 1.52877E+01	 7.21664E+00	 4.93120E+00	 7.64235E+00	 1.22312E+01	 4.29814E+00	 2.86980E+00	 3.31688E+00	 2.75000E+00	 3.06905E+00	 3.97110E+00	 4.75000E+00	 3.59060E+00	 6.04783E+00	 5.13274E+00	 3.37965E+00	 5.09374E+00	 1.11361E+01	 1.07597E+01	 7.08869E+00	 4.84617E+00	 4.39783E+00	 2.00000E+00	 3.43079E+00
 3.69345E+00	 1.75000E+00	 5.08568E+00	 4.63028E+00	 6.35938E+00	 6.42795E+00	 3.68120E+00	 6.37877E+00	 6.86086E+00	 6.43993E+00	 7.19193E+00	 4.61532E+00	 2.00000E+00	 2.17937E+00	 2.45183E+00	 2.00000E+00	 2.25000E+00	 2.69861E+00	 1.91141E+00	 1.81688E+00	 2.83500E+00	 2.24412E+00	 2.03774E+00	 1.75000E+00	 2.76040E+00	 2.18383E+00	 2.12625E+00	 3.24097E+00	 4.13611E+00	 2.45787E+00	 3.54814E+00	 1.58411E+00	 4.15473E+00	 1.19111E+01	 1.71019E+01	 3.23416E+01	 3.41077E+01	 1.75301E+01	 6.32221E+00	 5.31021E+00	 1.09970E+01	 7.37683E+00	 5.13527E+00	 5.50000E+00	 3.44292E+00	 3.88170E+00	 3.22246E+00	 2.11703E+00	 2.56080E+00	 5.37879E+00	 4.14364E+00	 3.16960E+00	 3.40075E+00	 3.69102E+00	 7.38170E+00	 1.01154E+01	 7.34811E+00	 4.07205E+00	 2.85047E+00	 3.60577E+00	 2.72059E+00
 3.96284E+00	 4.00695E+00	 3.96614E+00	 6.25432E+00	 5.88179E+00	 6.21091E+00	 4.46059E+00	 3.57438E+00	 5.15347E+00	 4.36753E+00	 6.54817E+00	 5.59747E+00	 3.87726E+00	 3.13526E+00	 1.95879E+00	 3.50000E+00	 3.18161E+00	 3.50000E+00	 2.22292E+00	 3.71170E+00	 7.62042E+00	 2.96387E+00	 2.92795E+00	 2.75000E+00	 3.09797E+00	 3.40589E+00	 2.37148E+00	 4.17937E+00	 4.69703E+00	 1.99849E+00	 1.72940E+00	 3.71444E+00	 4.54273E+00	 5.12751E+00	 7.52014E+00	 2.08791E+01	 1.53435E+01	 7.80698E+00	 3.94769E+00	 2.98756E+00	 7.36944E+00	 7.71234E+00	 5.46576E+00	 3.75000E+00	 2.25000E+00	 2.76177E+00	 3.35438E+00	 3.41898E+00	 4.01424E+00	 1.60861E+00	 1.87021E+00	 3.30150E+00	 2.74768E+00	 3.31080E+00	 5.95485E+00	 5.02091E+00	 5.32584E+00	 2.52592E+00	 2.57504E+00	 2.68120E+00	 2.96990E+00
 5.80061E+00	 4.63811E+00	 5.39721E+00	 6.00432E+00	 7.24029E+00	 4.66806E+00	 2.75151E+00	 3.40100E+00	 3.59993E+00	 3.43466E+00	 5.65578E+00	 7.30243E+00	 5.06065E+00	 2.92087E+00	 2.19705E+00	 1.97544E+00	 4.65023E+00	 4.34033E+00	 3.69116E+00	 6.64008E+00	 8.93798E+00	 4.14876E+00	 3.87274E+00	 2.42795E+00	 1.25000E+00	 3.43095E+00	 2.85992E+00	 5.47592E+00	 5.19818E+00	 4.39434E+00	 6.45265E+00	 8.36559E+00	 6.38550E+00	 5.32825E+00	 5.73745E+00	 6.95029E+00	 4.14453E+00	 4.62387E+00	 2.71992E+00	 2.25000E+00	 4.58242E+00	 6.86989E+00	 7.77482E+00	 6.98569E+00	 4.17341E+00	 2.73796E+00	 1.72592E+00	 1.68383E+00	 2.93394E+00	 3.94985E+00	 2.52231E+00	 4.20791E+00	 3.49254E+00	 3.70716E+00	 6.31250E+00	 2.77180E+00	 3.75000E+00	 3.20580E+00	 1.96468E+00	 1.95381E+00	 3.15847E+00
 3.75000E+00	 3.02180E+00	 4.42135E+00	 4.09679E+00	 4.54273E+00	 7.21875E+00	 6.83467E+00	 5.35489E+00	 4.42622E+00	 4.44398E+00	 2.94032E+00	 4.02180E+00	 4.03958E+00	 5.95485E+00	 3.22055E+00	 2.74945E+00	 3.93035E+00	 4.56319E+00	 2.23495E+00	 4.78308E+00	 4.82874E+00	 4.24064E+00	 3.09455E+00	 4.04209E+00	 2.50000E+00	 2.79461E+00	 4.03818E+00	 5.98338E+00	 5.14841E+00	 1.03195E+01	 1.25686E+01	 4.71020E+00	 5.51493E+00	 3.33670E+00	 3.56467E+00	 2.98235E+00	 3.18980E+00	 2.17935E+00	 1.49097E+00	 3.50000E+00	 3.61306E+00	 1.18599E+01	 1.04725E+01	 5.42226E+00	 2.51443E+00	 1.72593E+00	 2.86888E+00	 2.37482E+00	 1.84251E+00	 1.46170E+00	 3.50000E+00	 2.70186E+00	 4.22059E+00	 6.29023E+00	 5.67003E+00	 3.87879E+00	 3.43355E+00	 4.62161E+00	 2.85407E+00	 3.65976E+00	 2.89405E+00
